Cent%	 dNdy	 Npart	 v1{6}^6 err	 v2{6}^6 err	 v3{6}^6 err	 v4{6}^6 err 	 v5{6}^6 err 	 v6{6}^6 err
0.5	765.224	252.5	7.59555e-13 5.18045e-13	-1.16207e-11 9.41213e-11	5.38245e-11 5.274e-11	4.29858e-13 7.01192e-13	1.88108e-14 1.05468e-14	-4.99285e-17 3.54277e-16	
1.5	710.628	244.5	1.08331e-12 8.35326e-13	1.60381e-10 1.39483e-10	-1.66373e-11 1.82761e-11	3.75102e-13 4.53721e-13	1.33725e-14 1.10469e-14	-1.61178e-16 1.68625e-16	
2.5	679.837	239	1.2068e-13 2.88606e-13	6.0239e-10 2.10378e-10	6.06834e-12 2.66606e-11	3.60597e-12 3.73318e-12	-5.13161e-15 8.61416e-15	2.93008e-16 2.11933e-16	
3.5	652.104	233	-2.16076e-13 2.9895e-13	-1.14792e-10 2.66312e-10	-1.9816e-11 1.79508e-11	-4.72194e-13 7.72537e-13	-3.03059e-15 1.19352e-14	-1.20257e-16 2.19083e-16	
4.5	625.6	227	1.15255e-12 1.27726e-12	5.92587e-10 3.67157e-10	7.01899e-12 4.94033e-11	1.19991e-12 9.80288e-13	9.33213e-14 1.12156e-13	5.11545e-16 7.76762e-16	
5.5	604.367	221	-2.94426e-14 4.09129e-13	-6.71608e-12 3.68751e-10	-7.37614e-11 4.27169e-11	-4.63941e-14 1.27902e-12	8.3405e-15 1.23281e-14	-1.19887e-16 3.92314e-16	
6.5	579.379	215	4.19132e-12 3.7481e-12	-2.95312e-10 6.51248e-10	1.97658e-11 4.10155e-11	1.75519e-13 1.70048e-12	6.13598e-15 2.61203e-14	9.96895e-17 3.54873e-16	
7.5	557.966	209	1.80214e-12 1.41188e-12	6.07644e-10 6.11108e-10	7.7295e-12 4.49496e-11	-7.58779e-13 1.13711e-12	4.07202e-17 1.04845e-14	1.31254e-15 1.71927e-15	
8.5	538.001	203	-4.90125e-13 8.36401e-13	-8.55706e-10 1.09677e-09	8.4351e-12 3.27991e-11	2.18213e-12 1.62215e-12	2.59155e-14 1.39206e-14	-2.61739e-16 2.96724e-16	
9.5	516.639	197	4.91576e-12 5.15571e-12	1.56063e-09 1.22672e-09	-2.4071e-11 6.61183e-11	6.29664e-13 1.10477e-12	-1.45952e-14 1.94666e-14	-2.43536e-17 3.48918e-16	
10.5	499.655	191	-1.38152e-12 7.08755e-13	2.23504e-09 1.73329e-09	6.37043e-11 5.07782e-11	-9.82792e-13 1.60422e-12	-3.28314e-16 1.7332e-14	-5.62643e-16 5.24693e-16	
11.5	478.47	185	-9.784e-13 8.19721e-13	4.14257e-09 1.80842e-09	-8.21629e-11 6.02224e-11	2.72194e-12 1.4194e-12	-1.2858e-14 1.95671e-14	4.20499e-15 3.24757e-15	
12.5	460.343	179.5	6.12835e-12 6.53674e-12	6.87948e-09 2.02862e-09	2.89176e-11 6.79877e-11	-1.14063e-13 1.50164e-12	-8.22372e-15 2.55828e-14	-2.10886e-16 3.39538e-16	
13.5	443.072	174	1.06204e-11 6.9449e-12	7.00098e-09 2.57454e-09	2.45531e-11 7.30786e-11	-2.64334e-12 1.53012e-12	-2.51089e-14 1.98924e-14	5.20305e-16 6.80677e-16	
14.5	426.237	168.5	-2.14967e-12 1.38205e-12	7.85343e-09 3.03997e-09	-1.63188e-11 1.01689e-10	1.81512e-12 1.47554e-12	1.28335e-15 2.40485e-14	-4.96758e-16 8.97034e-16	
15.5	412.475	163.5	3.06591e-12 3.25451e-12	1.73696e-08 4.41683e-09	2.40322e-11 8.87069e-11	1.96517e-12 1.84614e-12	2.71075e-14 2.68884e-14	4.00246e-17 6.02581e-16	
16.5	393.471	158.5	-1.71483e-12 1.38355e-12	1.30049e-08 3.72041e-09	6.51733e-12 9.52645e-11	1.80458e-12 1.78306e-12	1.51623e-14 2.60937e-14	-3.30871e-16 4.3567e-16	
17.5	380.615	153.5	8.0479e-13 3.81713e-12	1.06124e-08 4.86871e-09	1.26393e-10 9.70009e-11	-1.374e-13 1.55965e-12	-3.39083e-15 2.44992e-14	-9.46545e-16 6.70863e-16	
18.5	366.356	148.5	4.67385e-12 4.24676e-12	1.62056e-08 5.3602e-09	-1.52906e-10 1.23013e-10	2.73973e-13 1.77765e-12	-3.6407e-14 3.07934e-14	-2.62312e-16 1.10021e-15	
19.5	350.899	143.5	-7.29642e-12 3.20127e-12	1.74706e-08 6.97847e-09	-1.73207e-11 9.11737e-11	-6.59858e-13 1.7014e-12	5.71788e-14 1.21899e-13	-3.13268e-16 8.07394e-16	
20.5	338.462	139	8.94885e-12 9.02378e-12	9.27542e-09 8.05742e-09	-1.84937e-10 1.17985e-10	-1.36596e-12 2.44162e-12	3.72804e-14 3.72892e-14	1.57725e-16 6.79273e-16	
21.5	322.186	134.5	8.70621e-13 2.2068e-12	1.68603e-08 9.68982e-09	3.30234e-10 1.39154e-10	3.32077e-12 1.97673e-12	1.19046e-13 8.61146e-14	-1.96801e-16 1.30725e-15	
22.5	310.932	130	3.83345e-11 2.10679e-11	3.69422e-08 1.03615e-08	9.932e-11 1.01667e-10	-2.78103e-12 1.92378e-12	1.15798e-14 2.30798e-14	-2.21088e-16 5.55658e-16	
23.5	297.429	125.5	-2.04476e-12 1.608e-12	4.88231e-08 1.18062e-08	3.56896e-11 1.15862e-10	1.1107e-12 1.59587e-12	-2.35022e-14 2.79002e-14	-3.8386e-16 6.39427e-16	
24.5	286.387	121	1.1624e-11 8.78425e-12	3.40047e-08 1.20553e-08	3.51173e-11 9.4264e-11	5.47184e-13 1.64712e-12	1.9292e-14 2.14653e-14	-1.47248e-16 9.2021e-16	
25.5	273.603	117	3.48719e-11 3.44868e-11	4.13869e-08 1.5138e-08	1.64622e-10 9.23635e-11	1.65049e-12 1.94352e-12	1.39562e-14 2.562e-14	-1.33215e-15 1.02953e-15	
26.5	262.438	113	-2.04525e-12 6.00883e-12	3.50822e-08 1.32959e-08	5.4287e-11 1.15372e-10	-3.3681e-12 2.1285e-12	7.22478e-15 2.71644e-14	3.29531e-15 3.67872e-15	
27.5	252.173	109	2.26216e-11 3.12131e-11	4.55856e-08 1.47597e-08	7.31982e-14 1.23593e-10	4.69353e-12 3.69058e-12	3.22884e-15 4.50174e-14	1.02862e-15 8.83204e-16	
28.5	242.589	105	3.54824e-10 3.63446e-10	4.8631e-08 1.52556e-08	-1.22918e-10 1.59029e-10	8.68291e-13 1.93921e-12	1.97451e-14 2.47959e-14	2.33481e-16 1.45888e-15	
29.5	231.923	101.5	6.13861e-13 1.14304e-11	3.42973e-08 1.62986e-08	2.07081e-10 1.06957e-10	-8.95007e-13 2.27808e-12	-5.61123e-14 3.11546e-14	1.78124e-15 9.68918e-16	
30.5	222.427	98	-9.69214e-12 1.44727e-11	9.2024e-08 2.26129e-08	1.67998e-11 1.32254e-10	-1.68247e-12 1.67295e-12	-7.22528e-14 4.07321e-14	-1.38122e-15 7.94989e-16	
31.5	211.958	94.5	6.12352e-11 3.29608e-11	5.88632e-08 1.64264e-08	-1.17063e-10 1.20371e-10	-2.12166e-13 1.74357e-12	2.32228e-14 2.95054e-14	-8.03503e-17 1.19149e-15	
32.5	201.846	91	-1.55483e-12 8.29612e-12	5.38821e-08 1.76352e-08	5.5875e-11 9.85745e-11	-2.92807e-13 1.58993e-12	4.55317e-15 2.32806e-14	-3.89419e-16 5.3952e-16	
33.5	192.966	87.5	1.05174e-11 1.91489e-11	7.22908e-08 2.40743e-08	1.22475e-11 1.40451e-10	-9.73747e-14 1.90821e-12	-1.73208e-14 2.82986e-14	3.77092e-15 2.64864e-15	
34.5	184.593	84.5	1.10343e-10 9.22088e-11	9.7565e-08 2.46351e-08	2.4343e-10 3.14219e-10	3.00241e-12 1.76752e-12	-1.68443e-14 3.07121e-14	-2.59133e-16 4.92164e-16	
35.5	176.278	81	3.82889e-11 3.47382e-11	7.76266e-08 2.41414e-08	6.24314e-11 8.63908e-11	-1.19906e-12 1.80869e-12	-2.61764e-14 2.12878e-14	1.04497e-15 9.25046e-16	
36.5	168.46	77.5	3.29124e-11 2.90764e-11	4.89936e-08 2.56217e-08	1.91085e-11 1.0203e-10	-1.3532e-12 1.68438e-12	1.23962e-14 4.1214e-14	3.13391e-16 7.33357e-16	
37.5	161.166	74.5	1.19421e-11 2.49083e-11	6.98083e-08 2.48654e-08	-2.32435e-10 1.27567e-10	-1.56577e-12 2.19605e-12	-9.01903e-14 3.34731e-14	1.00978e-15 7.11436e-16	
38.5	154.51	71.5	2.71917e-11 2.86491e-11	1.23491e-07 3.06388e-08	1.69901e-10 9.63981e-11	8.2907e-13 1.8779e-12	-1.4093e-14 3.08992e-14	7.01143e-16 1.38506e-15	
39.5	145.483	69	-1.7257e-11 1.26839e-11	1.6302e-07 3.76829e-08	4.46651e-11 9.96922e-11	2.7732e-13 1.81173e-12	-1.15227e-14 3.40164e-14	-1.88884e-16 6.76381e-16	
40.5	139.238	66.5	-1.1928e-11 1.21035e-11	1.44443e-07 3.77119e-08	-9.28038e-12 7.03673e-11	-8.89766e-13 1.67714e-12	-3.28039e-14 2.94194e-14	-8.90615e-16 5.58351e-16	
41.5	132.208	63.5	9.69255e-11 8.47544e-11	8.80901e-08 2.42747e-08	-1.11405e-10 1.1394e-10	6.84958e-12 8.90319e-12	3.9215e-14 4.57456e-14	7.72657e-15 8.7955e-15	
42.5	125.499	61	2.31364e-11 3.16265e-11	1.23216e-07 3.17112e-08	1.84153e-10 9.2606e-11	-1.97969e-12 1.46069e-12	4.07067e-15 1.81036e-14	1.13572e-15 9.7834e-16	
43.5	118.882	58.5	4.64825e-11 5.15381e-11	5.70932e-08 2.76765e-08	-6.14317e-11 9.22688e-11	3.01041e-12 2.36115e-12	-8.78006e-16 1.93405e-14	2.39822e-16 5.08063e-16	
44.5	114.066	56	1.55993e-10 1.56194e-10	1.08553e-07 3.67197e-08	1.37354e-10 1.04411e-10	-1.45119e-12 2.3473e-12	-1.46346e-14 4.46051e-14	6.01791e-15 5.72159e-15	
45.5	108.596	53.5	4.46843e-11 3.84074e-11	8.68825e-08 3.20575e-08	7.82498e-11 7.53897e-11	-1.59707e-12 1.50219e-12	-1.18857e-14 1.45754e-14	3.49745e-16 7.25858e-16	
46.5	102.64	51	5.99923e-11 4.73746e-11	9.06624e-08 3.5074e-08	3.40065e-11 7.68555e-11	-2.02786e-12 1.9122e-12	-7.17459e-15 2.01332e-14	-2.50127e-17 1.83688e-15	
47.5	97.3422	49	-1.19881e-11 2.14957e-11	8.14843e-08 3.91556e-08	2.80025e-11 7.11372e-11	-4.87502e-13 2.66018e-12	1.11275e-14 1.43281e-14	1.00661e-16 8.40014e-16	
48.5	92.088	47	2.2612e-12 1.67021e-11	7.89945e-08 2.89653e-08	1.02145e-10 8.31813e-11	-2.6307e-12 1.22996e-12	2.5656e-15 1.59744e-14	-7.81372e-17 2.32389e-16	
49.5	87.3387	44.5	-2.48213e-11 1.51754e-11	1.12443e-07 3.17685e-08	1.9394e-11 4.66157e-11	-3.08092e-13 1.45128e-12	1.02516e-14 2.46076e-14	-1.66695e-16 4.08453e-16	
50.5	82.2462	42	4.59484e-11 4.06719e-11	1.51562e-07 3.81522e-08	4.71534e-11 5.08523e-11	-1.4839e-12 2.02269e-12	4.40898e-15 1.18181e-14	3.39513e-16 1.39789e-15	
51.5	77.8462	40	5.95311e-11 4.77282e-11	1.18238e-07 3.77319e-08	-4.15028e-11 4.96075e-11	3.72971e-12 7.33851e-12	5.86234e-15 1.32196e-14	2.34805e-15 1.46708e-15	
52.5	74.3433	38.5	-5.38072e-12 3.12715e-11	1.82518e-07 4.32637e-08	-4.42262e-12 2.34513e-11	5.58708e-12 1.3676e-11	-1.31116e-14 1.02293e-14	9.53506e-16 1.07715e-15	
53.5	69.0215	37	1.01339e-11 2.14709e-11	1.06564e-07 4.05124e-08	3.93019e-11 3.00829e-11	-2.99043e-12 2.12926e-12	-4.01712e-15 9.754e-15	1.099e-15 9.52908e-16	
54.5	65.275	35	2.16989e-11 4.05627e-11	1.09856e-07 3.42955e-08	-1.61161e-12 2.3576e-11	-1.84658e-12 1.73166e-12	-7.1216e-15 7.88549e-15	4.26016e-17 5.2786e-16	
55.5	62.4713	33	5.98699e-12 5.26033e-11	8.22577e-08 3.35966e-08	-8.2637e-12 2.67416e-11	-8.52436e-13 1.90705e-12	-9.26238e-15 7.56634e-15	7.29092e-16 3.93084e-16	
56.5	59.0788	31.5	-8.55708e-11 4.23246e-11	5.13963e-08 3.09283e-08	-5.12566e-11 2.36938e-11	-4.35859e-12 2.00149e-12	4.961e-16 4.68908e-15	9.06639e-16 7.33362e-16	
57.5	55.3758	30	-2.74616e-11 1.55532e-11	1.36608e-07 3.12872e-08	-2.63954e-11 1.79962e-11	-2.87662e-12 1.1989e-12	-1.70359e-16 4.54593e-15	5.7999e-16 7.47299e-16	
58.5	51.6647	28.5	9.46567e-12 2.16186e-11	1.05908e-07 2.57463e-08	-1.60265e-11 1.5451e-11	6.42984e-12 8.32956e-12	-4.70776e-15 3.85865e-15	1.68455e-15 1.51172e-15	
59.5	49.2807	27	-2.97855e-11 2.6374e-11	6.03808e-08 2.5305e-08	-9.54506e-12 1.07739e-11	-2.77724e-12 1.84071e-12	-2.41049e-16 4.03261e-15	1.19802e-15 1.27695e-15	
60.5	46.3367	25.5	7.74958e-12 2.79661e-11	6.80241e-08 2.20379e-08	1.04087e-11 1.14125e-11	-3.33098e-12 1.5764e-12	-8.01486e-15 4.24171e-15	1.40518e-15 1.6697e-15	
61.5	43.5407	24	-2.76971e-11 2.42395e-11	5.1962e-08 2.23651e-08	-1.11439e-11 6.8517e-12	-3.33449e-12 9.90898e-13	-5.43053e-15 2.54328e-15	1.1506e-16 3.66233e-16	
62.5	40.6548	22.5	1.02183e-11 3.46845e-11	6.10956e-08 2.35141e-08	-1.92694e-11 7.67189e-12	-2.3957e-12 1.19586e-12	-7.4545e-15 2.52807e-15	-3.26355e-17 3.31412e-16	
63.5	37.8826	21.5	6.24444e-12 2.55061e-11	4.18805e-08 1.75776e-08	-8.50489e-12 4.69462e-12	9.86661e-14 1.6948e-12	-2.66437e-15 2.14009e-15	3.60454e-16 3.84684e-16	
64.5	35.7706	20.5	4.933e-11 5.19266e-11	1.18158e-07 3.37078e-08	-4.60712e-12 3.85386e-12	-3.28624e-12 1.7992e-12	-2.55873e-15 2.38458e-15	6.34769e-16 6.37616e-16	
65.5	34.0261	19	3.13153e-11 3.55657e-11	2.58761e-08 1.8948e-08	-8.20331e-12 3.55461e-12	-6.87847e-13 1.15247e-12	-1.02252e-15 1.66919e-15	2.83601e-17 2.2443e-16	
66.5	31.9111	17.5	9.96809e-11 7.85517e-11	5.42933e-09 1.44813e-08	-5.2528e-12 5.39059e-12	-1.48239e-12 5.6952e-13	3.06302e-15 3.6346e-15	1.2585e-17 1.81476e-16	
67.5	29.4283	16.5	5.3847e-12 9.93925e-12	1.22555e-08 1.59339e-08	-8.35291e-12 2.42581e-12	-2.40278e-12 1.09299e-12	-1.42249e-15 1.22768e-15	-1.84757e-16 1.30151e-16	
68.5	28.0882	15.5	-1.77269e-12 1.50606e-11	-4.25029e-09 8.92454e-09	-4.2727e-12 1.76022e-12	-2.26661e-12 6.5816e-13	-1.07308e-15 1.73269e-15	-1.23914e-16 5.59061e-17	
69.5	26.2583	14.5	2.01516e-11 1.90171e-11	-1.26389e-08 7.93956e-09	1.34227e-12 2.63731e-12	-1.32003e-12 5.49504e-13	3.91237e-16 2.65524e-15	-5.31977e-17 5.48822e-17	
70.5	23.9855	13.5	1.48877e-11 1.25544e-11	-5.51684e-09 8.60105e-09	-2.00589e-12 1.77495e-12	-1.61403e-12 4.53143e-13	-1.47547e-15 3.97977e-16	-3.29173e-17 4.03478e-17	
71.5	22.2321	13	1.09196e-13 6.58633e-12	-2.42353e-08 6.2244e-09	-2.73535e-12 1.16205e-12	-3.84411e-13 7.5788e-13	-2.27478e-16 6.0185e-16	1.79625e-16 1.57559e-16	
72.5	20.7965	12.5	4.06706e-12 7.47028e-12	-2.28175e-08 4.94707e-09	-9.87922e-13 9.21575e-13	-1.13788e-12 3.03354e-13	-3.75086e-16 3.62969e-16	-3.96238e-17 2.0127e-17	
73.5	19.2497	11.5	-2.12464e-13 5.6638e-12	-2.70138e-08 3.86138e-09	-9.02745e-13 1.0863e-12	-8.10849e-13 2.63119e-13	-3.4492e-16 1.38455e-16	7.96552e-18 2.47758e-17	
74.5	17.3617	10.5	1.28123e-11 7.56347e-12	-2.10562e-08 3.70561e-09	2.66363e-13 1.2222e-12	-4.19108e-13 1.78363e-13	7.31951e-16 6.63018e-16	-6.40736e-18 7.7317e-18	
75.5	15.9991	10	4.76294e-12 3.92592e-12	-2.51938e-08 3.98367e-09	1.10211e-12 1.29039e-12	-5.02004e-13 2.00796e-13	5.50401e-16 5.17482e-16	-2.46563e-18 1.0438e-17	
76.5	14.6318	9.5	6.23651e-12 3.92167e-12	-1.65446e-08 2.98463e-09	-6.74128e-13 2.28142e-13	4.82505e-14 2.45451e-13	4.50078e-16 4.23172e-16	1.50501e-17 1.38532e-17	
77.5	13.3865	8.5	8.37964e-14 2.00613e-12	-1.18102e-08 2.18501e-09	-6.08283e-13 1.73497e-13	-3.55667e-14 8.4774e-14	2.4859e-16 2.62606e-16	2.65663e-18 7.3084e-18	
78.5	12.2447	8	7.00308e-12 4.38069e-12	-1.13322e-08 2.60356e-09	-3.80204e-13 2.46458e-13	3.48648e-14 6.60187e-14	-1.77711e-17 3.74371e-17	2.01647e-18 2.46732e-18	
79.5	11.1686	7.5	2.97424e-12 4.27144e-12	-1.01135e-08 2.28025e-09	-1.14112e-13 1.68268e-13	-4.42657e-14 2.79001e-14	1.63681e-16 1.16411e-16	2.662e-18 3.7708e-18	
80.5	10.1474	7	1.05236e-11 8.49962e-12	-4.83076e-09 1.41941e-09	-1.78091e-13 8.13166e-14	1.0461e-13 4.22066e-14	2.46905e-16 1.94346e-16	6.02414e-18 4.8136e-18	
81.5	9.21518	6.5	1.17647e-11 6.06713e-12	-2.66223e-09 1.1871e-09	2.1046e-14 7.81493e-14	5.23953e-14 2.5334e-14	4.10204e-17 1.68846e-17	7.95971e-18 7.52469e-18	
82.5	8.25962	6	5.56072e-13 8.91184e-13	-2.86751e-09 1.0694e-09	1.97939e-13 2.31847e-13	3.3791e-14 1.53474e-14	3.94345e-17 3.33067e-17	-1.16216e-19 2.62377e-19	
83.5	7.45596	5.5	3.66037e-12 2.57161e-12	-2.68587e-09 1.07774e-09	1.31756e-13 1.686e-13	1.60617e-14 6.08708e-15	1.74742e-17 1.35612e-17	1.00941e-18 7.20971e-19	
84.5	6.77315	5	6.76217e-13 9.56386e-13	-8.83314e-11 3.80782e-10	3.75896e-14 2.19045e-14	4.41886e-15 3.37694e-15	9.49074e-18 5.9861e-18	-4.10506e-20 4.90586e-20	
85.5	5.97093	4.5	2.39927e-12 1.57028e-12	3.89488e-10 4.18941e-10	6.53922e-14 2.29134e-14	4.78862e-15 2.80851e-15	5.9405e-18 5.74808e-18	1.26672e-20 4.27174e-20	
86.5	5.31518	4	3.59282e-13 3.81106e-13	-3.742e-11 3.7389e-10	8.25069e-15 5.07445e-15	2.43914e-15 1.2132e-15	2.28698e-18 1.3876e-18	4.4749e-20 3.15942e-20	
87.5	4.7353	4	3.95197e-13 2.97381e-13	3.15497e-10 2.10711e-10	2.32201e-14 9.73969e-15	1.25541e-15 9.19685e-16	2.4772e-19 2.01124e-19	2.32523e-20 1.34279e-20	
88.5	4.15899	4	6.73135e-13 3.62335e-13	3.59622e-10 1.86672e-10	6.92858e-15 2.60782e-15	7.89234e-16 3.04926e-16	7.83468e-20 6.00198e-20	2.96267e-20 1.2272e-20	
89.5	3.6087	3.5	5.23071e-13 1.92529e-13	2.53632e-10 1.2047e-10	4.01896e-15 1.76344e-15	4.64208e-17 2.32958e-17	2.52189e-20 1.56054e-20	6.93928e-21 2.70006e-21	
90.5	3.40377	3	-3.92787e-14 2.02595e-13	-3.32807e-11 7.1202e-11	-1.07271e-15 1.61651e-15	-1.39605e-19 1.31698e-18	-2.24478e-22 8.65684e-22	-1.67896e-21 7.81244e-21	
91.5	nan	3	nan nan	nan nan	nan nan	nan nan	nan nan	nan nan	
92.5	nan	2.5	nan nan	nan nan	nan nan	nan nan	nan nan	nan nan	
93.5	nan	2	nan nan	nan nan	nan nan	nan nan	nan nan	nan nan	
94.5	nan	2	nan nan	nan nan	nan nan	nan nan	nan nan	nan nan	
95.5	nan	2	nan nan	nan nan	nan nan	nan nan	nan nan	nan nan	
96.5	nan	2	nan nan	nan nan	nan nan	nan nan	nan nan	nan nan	
97.5	nan	2	nan nan	nan nan	nan nan	nan nan	nan nan	nan nan	
98.5	nan	2	nan nan	nan nan	nan nan	nan nan	nan nan	nan nan	
99.5	nan	0	nan nan	nan nan	nan nan	nan nan	nan nan	nan nan	
