Cent%	 dNdy	 Npart	 v2{4}/v2{2} err	 v3{4}/v3{2} err	 v4{4}/v4{2} err
0.5	735.318	253	-2.99139 0.303875	-2.6654 1.11963	-2.17124 0.550632	
1.5	669.837	245.5	-2.62036 2.25698	-1.5489 0.97155	-1.78226 1.41311	
2.5	648.008	240	-2.73585 2.02282	-1.72735 0.913453	-1.41587 0.455722	
3.5	611.962	234	-2.68346 0.154175	-1.77752 0.27683	-1.64602 0.612281	
4.5	592.199	228	-2.50196 0.606869	-2.33766 0.900232	-3.26523 1.8146	
5.5	564.911	222	-2.5168 0.108039	-2.43267 0.242692	-2.07365 0.457456	
6.5	543.253	216	-2.54922 0.214165	-2.88812 1.12848	-3.25856 1.18651	
7.5	525.729	209.5	-2.44964 0.381447	-2.32292 0.952526	-2.03162 0.308018	
8.5	510.319	203	-2.43096 0.316957	-2.3683 0.975985	-2.03549 0.991048	
9.5	487.59	197.5	-2.36276 0.2775	-2.29983 1.00566	-1.63375 0.300607	
10.5	469.94	192	-2.1472 1.45097	-2.42452 1.93323	-2.4702 1.94022	
11.5	453.805	186	0.699827 0.0522191	-0.569516 0.316204	0.549245 0.117856	
12.5	439.232	180.5	-0.649131 0.071961	-0.461766 0.20748	0.596439 0.0865096	
13.5	424.372	175	0.726629 0.0370598	0.606198 0.093228	0.681526 0.0519891	
14.5	402.216	169.5	-2.3256 0.241659	-2.74976 0.513975	-3.16115 1.66824	
15.5	389.008	164	-2.23104 0.247853	-2.65799 0.235189	-2.73518 0.51721	
16.5	373.507	158.5	0.747005 0.0330752	-0.434505 0.360483	0.393569 0.299188	
17.5	354.901	153.5	-2.09442 0.199185	-2.26823 0.39368	-1.95372 0.731768	
18.5	344.291	149	0.713863 0.0414897	0.495218 0.166872	0.511372 0.149588	
19.5	331.943	144.5	-1.6207 0.850286	-1.3491 1.01842	-1.29647 0.905001	
20.5	315.883	139.5	-2.10357 0.0782814	-2.51125 0.137102	-2.9705 0.747844	
21.5	305.818	135	-1.62859 0.864251	-2.19284 1.60146	-2.14995 1.50065	
22.5	299.08	130.5	-1.78069 0.997113	-2.31623 2.04469	-2.07922 1.59019	
23.5	282.51	126	-1.62776 0.737482	-2.28502 0.315649	-2.87574 0.591555	
24.5	267.308	122	0.756206 0.0274044	-0.490153 0.170768	0.477099 0.202284	
25.5	260.207	118	0.771944 0.0242572	0.607344 0.0711472	0.724854 0.0396956	
26.5	248.598	113.5	-1.73296 0.547277	-2.33071 0.640609	-2.42515 0.772525	
27.5	240.146	109.5	0.788025 0.0208925	0.355903 0.408144	0.602717 0.0721601	
28.5	228.022	106	0.807002 0.01946	0.474682 0.185267	0.593035 0.0923545	
29.5	227.769	102	-1.66214 0.528899	-2.12754 1.12362	-1.82347 0.657425	
30.5	211.104	98	0.801266 0.0204434	-0.360831 0.405516	0.463165 0.194557	
31.5	200.401	94.5	0.793884 0.0224489	0.692595 0.0445217	0.668659 0.0494974	
32.5	192.436	91	0.789242 0.0218963	-0.375748 0.434895	0.616035 0.0640348	
33.5	187.946	87.5	-1.95485 0.149339	-2.50512 0.0915965	-2.41408 0.355495	
34.5	185.949	84.5	0.801863 0.0243971	0.609513 0.0866098	0.437117 0.24788	
35.5	167.886	81.5	0.77497 0.0249228	0.47973 0.149356	0.503625 0.146034	
36.5	158.093	78.5	-1.75985 0.154405	-2.37386 0.0652766	-2.19751 0.107321	
37.5	153.233	75.5	0.759184 0.0288638	0.69611 0.0403818	0.547764 0.135592	
38.5	147.879	72.5	0.726362 0.0336309	0.562815 0.101437	0.420858 0.300358	
39.5	138.583	69.5	-1.63235 0.857172	-2.41114 1.66843	-2.27217 1.63554	
40.5	132.081	66.5	-1.57448 0.786165	-2.50098 1.87992	-2.30481 1.86599	
41.5	125.733	63.5	0.802111 0.0196038	0.531049 0.112306	-0.230479 1.12348	
42.5	119.31	61	0.774525 0.024073	0.401591 0.29425	-0.717536 0.125986	
43.5	113.363	58.5	-1.53855 0.824433	-2.47528 0.369451	-2.9027 0.612501	
44.5	108.133	56	-1.73262 0.283238	-2.80827 0.349018	-3.30301 1.17431	
45.5	105.106	53.5	0.815389 0.0178796	-0.347766 0.52425	-0.362189 0.369558	
46.5	97.1137	51	0.760085 0.0297447	0.385819 0.305506	-0.645436 0.114283	
47.5	92.7466	49	-1.63519 0.880277	-3.05703 2.67761	-3.46482 3.08035	
48.5	88.7154	47	0.792538 0.0210842	0.530616 0.107945	-0.673308 0.105555	
49.5	83.0652	44.5	0.746636 0.0291213	0.716185 0.0344003	-0.872941 0.0558606	
50.5	79.2623	42	0.757029 0.0262835	0.478863 0.173442	-0.64278 0.0857845	
51.5	74.6962	40	0.721202 0.0384345	0.608963 0.0648727	-0.794067 0.0668124	
52.5	71.0935	38.5	0.771462 0.0261088	0.63378 0.0666321	-0.70209 0.0854138	
53.5	66.9867	37	0.785984 0.0223637	0.643162 0.0620031	-0.59593 0.125803	
54.5	63.7864	35	0.791509 0.0207604	0.648602 0.0545781	-0.792369 0.0555137	
55.5	60.0902	33	0.777827 0.022772	0.495721 0.146457	-0.718588 0.0684215	
56.5	56.6698	31.5	0.742489 0.0334681	0.675038 0.0467911	-0.824107 0.0635515	
57.5	53.0701	30	0.744804 0.0299494	0.651253 0.0547356	-0.655204 0.0830404	
58.5	50.4296	28	0.764329 0.0256861	0.499164 0.133074	-0.673784 0.0770124	
59.5	47.4052	26.5	0.772691 0.0236451	-0.489754 0.180352	-0.762252 0.0919903	
60.5	44.7447	25.5	0.772229 0.0322858	-1.93499 1.34901	-0.539053 0.15354	
61.5	41.5496	24	0.690107 0.0548564	-0.440706 0.352508	-0.839061 0.046537	
62.5	39.7283	22.5	0.721419 0.0337788	-0.409914 0.290155	-0.851264 0.0563283	
63.5	36.4966	21.5	0.722494 0.0335715	-0.39509 0.285894	-0.877337 0.0550274	
64.5	34.2525	20.5	0.750871 0.0266294	-0.694113 0.0807438	-0.778873 0.0587547	
65.5	32.2388	19	0.744996 0.0271902	-1.82514 1.1315	-0.784512 0.0475169	
66.5	30.4804	17.5	0.768301 0.0277164	0.34655 0.448036	-0.765551 0.0658486	
67.5	27.7222	16.5	0.685432 0.0445053	0.238909 1.19563	-0.858412 0.0512826	
68.5	26.01	15.5	0.636198 0.0568508	-0.745015 0.0805148	-0.935065 0.0437274	
69.5	24.5199	14.5	0.438186 0.213603	-0.719292 0.069225	-0.974851 0.041364	
70.5	22.489	13.5	0.649135 0.0519628	-0.764917 0.0628927	-0.852541 0.0453173	
71.5	20.8155	13	0.584759 0.0805016	-0.826045 0.0589137	-0.906659 0.0386824	
72.5	19.036	12.5	-0.19618 1.14394	-0.766619 0.0989542	-0.963747 0.0535894	
73.5	17.9211	11.5	-0.530712 0.133525	-0.839672 0.0626479	-1.07734 0.0478254	
74.5	16.616	10.5	0.549744 0.217038	-0.618243 0.261511	-0.902474 0.0966713	
75.5	14.9758	10	0.590474 0.205342	0.469854 0.508931	-0.941938 0.104496	
76.5	14.3061	9.5	-0.88559 0.120069	-0.899013 0.115362	-1.22073 0.14235	
77.5	12.608	8.5	0.230222 1.25911	-0.494151 0.458416	-0.958406 0.103916	
78.5	11.9651	8	-1.0815 0.0909237	-0.991869 0.112216	-1.37982 0.12713	
79.5	10.6179	7.5	-1.14323 0.0970495	-0.919486 0.146129	-1.37506 0.110541	
80.5	9.52395	7	-1.03301 0.104955	-1.08633 0.165235	-1.37473 0.099334	
81.5	8.80245	6.5	-0.928554 0.0896363	-1.04038 0.0862301	-1.31251 0.0895937	
82.5	7.9211	6	-1.23279 0.102687	-1.08178 0.111109	-1.4345 0.127396	
83.5	7.13899	5.5	-1.25148 0.100883	-1.20532 0.229658	-1.41502 0.112035	
84.5	6.44976	5	-1.26603 0.104071	-1.17522 0.0985876	-1.5846 0.219021	
85.5	5.75018	4.5	-1.28861 0.108315	-1.41958 0.160962	-1.4232 0.10959	
86.5	5.17809	4	-1.42045 0.118755	-1.65118 0.343712	-1.52256 0.139636	
87.5	4.52677	4	-1.28443 0.105507	-1.11406 0.102037	-1.5456 0.133227	
88.5	4.06829	4	-1.31025 0.13134	-1.49533 0.132123	-1.63681 0.147688	
89.5	3.47012	3.5	-1.4069 0.128978	-1.52047 0.121025	-1.55509 0.14585	
90.5	nan	3	nan nan	nan nan	nan nan	
91.5	nan	3	nan nan	nan nan	nan nan	
92.5	nan	2.5	nan nan	nan nan	nan nan	
93.5	nan	2	nan nan	nan nan	nan nan	
94.5	nan	2	nan nan	nan nan	nan nan	
95.5	nan	2	nan nan	nan nan	nan nan	
96.5	nan	2	nan nan	nan nan	nan nan	
97.5	nan	2	nan nan	nan nan	nan nan	
98.5	nan	2	nan nan	nan nan	nan nan	
99.5	nan	0	nan nan	nan nan	nan nan	
