Cent%	 dNdy	 Npart	 v1{4}^4 err	 v2{4}^4 err	 v3{4}^4 err	 v4{4}^4 err 	 v5{4}^4 err 	 v6{4}^4 err
0.5	735.318	253	-4.21209e-05 2.99596e-05	-0.0006043 0.000469758	-7.58518e-05 7.2252e-05	-2.21168e-06 1.83472e-06	-4.9474e-06 4.88258e-06	-5.95049e-06 4.28124e-06	
1.5	669.837	245.5	-2.24201e-05 2.23983e-05	-0.000157137 0.000157111	-3.25734e-06 3.30567e-06	-6.74091e-07 6.73235e-07	-6.06433e-06 6.06447e-06	-2.56938e-06 2.56935e-06	
2.5	648.008	240	-2.17238e-05 1.64454e-05	-0.00019456 0.000194237	-5.84289e-06 5.64201e-06	-2.62672e-07 2.23507e-07	-3.97954e-06 3.37867e-06	-2.15491e-06 1.65373e-06	
3.5	611.962	234	-2.3029e-05 1.66431e-05	-0.000455919 0.000327022	-9.82947e-06 6.98459e-06	-5.41785e-07 4.8236e-07	-1.0578e-05 7.44211e-06	-5.91239e-06 4.15257e-06	
4.5	592.199	228	-1.30817e-05 1.00359e-05	-0.000282117 0.000238991	-4.69675e-05 4.34651e-05	-3.8527e-05 3.81983e-05	-3.88843e-05 3.24027e-05	-2.83551e-05 2.51721e-05	
5.5	564.911	222	-8.41491e-05 5.12446e-05	-0.000908226 0.000512798	-0.000109643 7.7044e-05	-2.72142e-06 2.14043e-06	-3.79473e-06 3.57232e-06	-9.33941e-06 5.49575e-06	
6.5	543.253	216	-3.70921e-05 2.32425e-05	-0.000839422 0.000532503	-0.000231668 0.000219399	-6.59474e-05 6.30744e-05	-2.53359e-05 1.5035e-05	-8.1908e-06 4.65341e-06	
7.5	525.729	209.5	-4.0971e-05 3.4448e-05	-0.000452117 0.000348095	-5.76891e-05 5.4004e-05	-2.16537e-06 1.57728e-06	-4.9842e-06 4.95109e-06	-4.61364e-06 3.25638e-06	
8.5	510.319	203	-7.47214e-05 5.2619e-05	-0.000578037 0.000429097	-7.26226e-05 6.80504e-05	-2.34741e-06 2.24544e-06	-3.34752e-06 3.33375e-06	-3.14968e-06 2.21411e-06	
9.5	487.59	197.5	-3.58365e-05 2.92678e-05	-0.000506926 0.000368664	-4.74567e-05 4.48625e-05	-8.63805e-07 6.2509e-07	-7.1375e-06 6.99183e-06	-8.05735e-06 5.80501e-06	
10.5	469.94	192	-2.33799e-05 2.33338e-05	-0.000331141 0.000333272	-7.32425e-05 7.33019e-05	-5.61127e-06 5.61682e-06	-3.99854e-07 4.00446e-07	-1.76478e-06 1.76482e-06	
11.5	453.805	186	-1.42561e-08 4.00327e-09	2.12818e-06 6.86834e-07	-1.19428e-07 1.47234e-07	7.02462e-09 6.34463e-09	2.01076e-10 5.36692e-10	-2.73916e-12 2.79378e-11	
12.5	439.232	180.5	-0.000177658 0.000168411	-2.20564e-06 4.25425e-06	-5.64532e-08 1.38847e-07	1.06977e-08 6.54048e-09	2.79198e-10 3.97114e-10	-2.0555e-10 2.19306e-10	
13.5	424.372	175	-2.39087e-07 2.23503e-07	3.23144e-06 7.64801e-07	1.38377e-07 9.12267e-08	2.005e-08 6.78834e-09	3.7009e-10 3.43312e-10	-7.87086e-12 2.67011e-11	
14.5	402.216	169.5	-3.98204e-05 2.79719e-05	-0.00101062 0.000725463	-0.000312651 0.000260255	-6.16624e-05 6.09346e-05	-5.78628e-06 5.61265e-06	-6.6673e-06 6.53798e-06	
15.5	389.008	164	-0.00121899 0.00120888	-0.000968518 0.000686369	-0.000211498 0.00015459	-1.50188e-05 1.23856e-05	-5.14834e-07 4.21801e-07	-1.0751e-05 6.83609e-06	
16.5	373.507	158.5	-4.90046e-08 3.27771e-08	6.26727e-06 1.36399e-06	-5.31102e-08 1.70804e-07	2.84233e-09 9.15487e-09	7.48267e-10 3.77456e-10	-3.21077e-11 4.6091e-11	
17.5	354.901	153.5	-8.1167e-05 4.99092e-05	-0.000955612 0.00059443	-0.000117366 8.74502e-05	-2.45886e-06 2.2165e-06	-2.91537e-06 2.56065e-06	-1.09089e-05 6.88557e-06	
18.5	344.291	149	-4.87847e-08 1.19462e-08	5.97831e-06 1.58487e-06	9.79922e-08 1.41071e-07	6.60089e-09 8.17375e-09	-7.33658e-10 7.75119e-10	-4.62933e-11 4.10401e-11	
19.5	331.943	144.5	-1.03205e-05 1.02823e-05	-0.000237459 0.000246427	-5.77599e-06 5.76086e-06	-2.86355e-07 2.88413e-07	-5.4538e-06 5.45362e-06	-2.59924e-06 2.59923e-06	
20.5	315.883	139.5	-9.0687e-05 5.18644e-05	-0.00165666 0.000834703	-0.000433332 0.00024145	-7.19353e-05 6.37042e-05	-1.20355e-05 1.19481e-05	-7.14239e-06 3.59724e-06	
21.5	305.818	135	-1.04599e-05 1.04019e-05	-0.000290059 0.000300526	-5.64764e-05 5.66457e-05	-3.78309e-06 3.80141e-06	-1.77829e-06 1.77856e-06	-7.7458e-06 7.74575e-06	
22.5	299.08	130.5	-6.78794e-06 6.45325e-06	-0.000451513 0.000463403	-8.20861e-05 8.20934e-05	-3.3809e-06 3.38717e-06	-6.4718e-07 6.37608e-07	-6.38907e-06 6.38795e-06	
23.5	282.51	126	-2.26389e-06 1.62985e-06	-0.00032831 0.000307656	-0.000103874 7.70576e-05	-4.24134e-05 3.65303e-05	-3.80487e-05 3.64643e-05	-4.19121e-05 3.68e-05	
24.5	267.308	122	-2.56656e-07 2.08487e-07	1.24057e-05 2.29065e-06	-1.13664e-07 2.57479e-07	5.52769e-09 1.11343e-08	-1.08027e-07 1.05797e-07	-8.023e-09 7.8872e-09	
25.5	260.207	118	-6.1501e-08 1.26561e-08	1.35542e-05 2.28878e-06	1.98154e-07 9.93625e-08	3.33162e-08 8.20897e-09	-8.20116e-11 6.26245e-10	4.81658e-11 4.13569e-11	
26.5	248.598	113.5	-3.87194e-05 2.73695e-05	-0.0005651 0.000483367	-0.000127258 0.000108666	-9.37434e-06 8.34798e-06	-9.27188e-07 6.55931e-07	-4.35824e-06 3.0701e-06	
27.5	240.146	109.5	-8.12655e-08 2.80737e-08	1.64661e-05 2.46519e-06	3.15073e-08 1.61207e-07	1.25784e-08 6.51104e-09	-7.05181e-10 7.54715e-10	-1.97458e-10 1.62307e-10	
28.5	228.022	106	-7.90475e-08 2.54276e-08	1.86167e-05 2.59302e-06	9.06617e-08 1.53192e-07	1.27891e-08 8.38277e-09	3.59418e-10 6.59777e-10	-4.51774e-11 4.76629e-11	
29.5	227.769	102	-4.53659e-06 3.6923e-06	-0.000517096 0.000443669	-7.24824e-05 7.03755e-05	-1.87903e-06 1.67184e-06	-2.82276e-07 2.49838e-07	-5.83979e-06 5.83442e-06	
30.5	211.104	98	-6.92784e-08 1.45725e-08	2.15498e-05 3.19712e-06	-2.97535e-08 1.51312e-07	4.55302e-09 8.49392e-09	2.14233e-10 1.03387e-09	-4.2438e-11 4.87998e-11	
31.5	200.401	94.5	-2.88775e-07 1.56121e-07	2.04273e-05 3.11865e-06	5.28508e-07 1.53224e-07	2.21694e-08 7.29994e-09	-9.45327e-09 8.89586e-09	-2.44919e-07 2.42091e-07	
32.5	192.436	91	-9.57094e-08 2.04533e-08	2.06028e-05 3.11702e-06	-3.69664e-08 1.63146e-07	1.72147e-08 7.75254e-09	-8.20833e-10 7.07807e-10	-1.47542e-11 4.42026e-11	
33.5	187.946	87.5	-4.90451e-05 3.79188e-05	-0.00168334 0.000979273	-0.000319865 0.00018864	-1.41362e-05 1.02556e-05	-7.24813e-07 5.87785e-07	-1.21012e-05 7.41079e-06	
34.5	185.949	84.5	-4.65313e-07 3.22498e-07	2.55248e-05 4.03198e-06	2.27878e-07 1.36586e-07	4.21889e-09 1.07315e-08	-2.95798e-09 3.31818e-09	-6.2286e-09 6.20987e-09	
35.5	167.886	81.5	-2.00886e-07 7.4665e-08	2.03099e-05 3.38469e-06	8.76069e-08 1.12733e-07	6.57186e-09 8.10447e-09	-7.50519e-10 5.2034e-10	-4.25677e-11 5.10578e-11	
36.5	158.093	78.5	-0.000772513 0.000735034	-0.00132025 0.000736966	-0.000227177 0.000128384	-6.91498e-06 3.95215e-06	-9.59692e-07 8.15432e-07	-1.47261e-05 9.6382e-06	
37.5	153.233	75.5	-3.08795e-07 1.15081e-07	1.93212e-05 3.5587e-06	4.1866e-07 1.13057e-07	8.75715e-09 9.50143e-09	-3.6948e-10 5.94876e-10	-1.66283e-10 1.30855e-10	
38.5	147.879	72.5	-1.65878e-07 3.08501e-08	1.76296e-05 3.91769e-06	1.4617e-07 1.09843e-07	2.82043e-09 1.23291e-08	-8.14953e-10 6.04156e-10	-1.84465e-10 1.06474e-10	
39.5	138.583	69.5	-2.89401e-06 2.62549e-06	-0.000595597 0.000618071	-0.000112777 0.000113278	-4.10533e-06 4.11899e-06	-2.28526e-07 2.27705e-07	-4.95108e-06 4.9509e-06	
40.5	132.081	66.5	-4.83549e-06 4.65905e-06	-0.000603801 0.000632556	-0.000124709 0.000124928	-5.76726e-06 5.7712e-06	-2.12507e-07 2.11453e-07	-3.65378e-06 3.65365e-06	
41.5	125.733	63.5	-1.05708e-07 3.04634e-08	2.97543e-05 4.25351e-06	1.33762e-07 1.18637e-07	-2.96314e-10 1.00446e-08	-1.52985e-09 1.04222e-09	-1.31255e-10 9.00518e-11	
42.5	119.31	61	-1.1622e-07 2.28612e-08	2.71243e-05 4.44109e-06	3.62343e-08 1.22107e-07	-2.44347e-08 1.55046e-08	-9.43232e-10 6.10648e-10	-2.50599e-10 1.40793e-10	
43.5	113.363	58.5	-1.17126e-05 8.89731e-06	-0.000608458 0.000588546	-0.00015683 0.000119503	-3.52943e-05 3.02393e-05	-1.70001e-05 1.59255e-05	-1.56531e-05 1.08362e-05	
44.5	108.133	56	-1.82572e-05 1.36433e-05	-0.00116033 0.000835667	-0.000401814 0.000311047	-9.23575e-05 8.8596e-05	-1.41852e-05 1.40894e-05	-4.71519e-06 3.94917e-06	
45.5	105.106	53.5	-3.14605e-07 8.88728e-08	3.37563e-05 4.71032e-06	-1.59362e-08 1.15896e-07	-1.6541e-09 8.51805e-09	-1.8635e-10 3.7461e-10	-6.26649e-11 8.26828e-11	
46.5	97.1137	51	-1.53662e-07 2.94556e-08	2.60818e-05 4.99913e-06	2.62227e-08 8.89886e-08	-1.49065e-08 9.90938e-09	-6.98823e-10 4.04005e-10	-8.37566e-11 4.87779e-11	
47.5	92.7466	49	-1.55426e-05 1.26734e-05	-0.000737996 0.000762654	-0.000353487 0.000353461	-9.54062e-05 9.54029e-05	-1.13433e-05 1.13431e-05	-2.28567e-07 2.28433e-07	
48.5	88.7154	47	-2.81046e-07 8.5717e-08	3.03907e-05 4.96469e-06	8.54506e-08 7.28947e-08	-2.00319e-08 1.13945e-08	-1.84233e-09 9.10635e-10	-9.63834e-11 5.77221e-11	
49.5	83.0652	44.5	-1.88944e-07 4.301e-08	2.1765e-05 4.20258e-06	2.6831e-07 6.12464e-08	-5.47362e-08 1.51864e-08	-1.5151e-08 1.49938e-08	-1.46764e-07 1.46576e-07	
50.5	79.2623	42	-3.68338e-07 1.54195e-07	2.38905e-05 4.5096e-06	5.24225e-08 8.01186e-08	-1.46999e-08 7.442e-09	-2.78077e-10 3.76802e-10	-9.88108e-11 4.18979e-11	
51.5	74.6962	40	-2.55997e-07 6.4744e-08	2.34935e-05 5.69764e-06	1.31263e-07 6.07122e-08	-3.75944e-08 1.29211e-08	7.21433e-12 2.94312e-10	-2.47851e-10 8.47219e-11	
52.5	71.0935	38.5	-4.38519e-07 1.01345e-07	2.52094e-05 4.45052e-06	1.39092e-07 6.30577e-08	-2.0422e-08 9.55229e-09	-1.06238e-09 5.15626e-10	-1.39404e-10 4.73004e-11	
53.5	66.9867	37	-2.88125e-07 1.08774e-07	2.82898e-05 4.45912e-06	1.34971e-07 5.58474e-08	-1.05898e-08 8.07276e-09	-4.04998e-10 2.62472e-10	-9.84604e-11 4.14877e-11	
54.5	63.7864	35	-3.15919e-07 8.86775e-08	2.83578e-05 4.38985e-06	1.43201e-07 5.37693e-08	-3.162e-08 8.85159e-09	-5.32693e-11 2.21375e-10	-1.64122e-10 4.89353e-11	
55.5	60.0902	33	-3.28762e-07 8.04381e-08	2.59154e-05 4.23596e-06	4.09377e-08 5.06124e-08	-2.03481e-08 7.63493e-09	-9.80367e-11 2.61486e-10	-2.00649e-10 5.34246e-11	
56.5	56.6698	31.5	-5.85617e-07 1.58808e-07	1.97321e-05 4.2547e-06	1.22239e-07 3.90873e-08	-3.44823e-08 1.1132e-08	-3.91527e-10 3.43642e-10	-1.84209e-10 5.3435e-11	
57.5	53.0701	30	-3.81426e-07 1.11247e-07	2.06962e-05 4.38414e-06	9.05778e-08 3.48323e-08	-1.14099e-08 5.43311e-09	-1.47432e-10 1.88226e-10	-7.42428e-11 2.45379e-11	
58.5	50.4296	28	-2.66923e-07 5.69963e-08	2.22016e-05 3.9276e-06	3.19164e-08 3.55764e-08	-1.38977e-08 6.03472e-09	1.01103e-10 2.23464e-10	-1.02775e-10 3.73549e-11	
59.5	47.4052	26.5	-3.05365e-07 7.70409e-08	2.46694e-05 4.18413e-06	-2.2129e-08 2.9884e-08	-2.2035e-08 9.6665e-09	-4.21959e-10 1.95675e-10	-1.1511e-10 4.24993e-11	
60.5	44.7447	25.5	-2.98516e-07 8.49925e-08	2.1105e-05 4.16464e-06	-7.80411e-06 7.84755e-06	-4.94711e-09 5.12621e-09	-4.02432e-09 3.77461e-09	-1.6622e-10 7.11826e-11	
61.5	41.5496	24	-2.10943e-07 5.12605e-08	1.30172e-05 4.46821e-06	-1.2489e-08 2.9193e-08	-2.96532e-08 6.27911e-09	-8.2276e-10 4.479e-10	-1.2433e-10 4.35268e-11	
62.5	39.7283	22.5	-4.06054e-07 1.96043e-07	1.44348e-05 3.39661e-06	-9.8495e-09 2.93482e-08	-2.72329e-08 7.48537e-09	-2.74177e-10 1.24563e-10	-1.45388e-10 4.03346e-11	
63.5	36.4966	21.5	-1.23516e-07 3.50552e-08	1.56982e-05 3.69835e-06	-5.95037e-09 2.17486e-08	-3.05891e-08 8.07465e-09	-2.05477e-10 1.1506e-10	-1.75988e-10 3.91525e-11	
64.5	34.2525	20.5	-1.15385e-07 1.88232e-08	1.53053e-05 2.95641e-06	-4.83726e-08 2.21631e-08	-1.81678e-08 5.37868e-09	-1.55409e-10 7.05382e-11	-1.50835e-10 4.62898e-11	
65.5	32.2388	19	-1.91167e-05 1.90387e-05	1.45792e-05 2.89583e-06	-2.8356e-06 2.79364e-06	-1.82712e-08 3.83756e-09	-3.21361e-10 1.28469e-10	-1.75897e-05 1.75894e-05	
66.5	30.4804	17.5	-1.90428e-07 4.85865e-08	1.39369e-05 2.71927e-06	2.11375e-09 1.10037e-08	-1.1661e-08 3.83907e-09	-1.65978e-10 8.42192e-11	-5.88925e-11 1.30942e-11	
67.5	27.7222	16.5	-1.2065e-07 2.26373e-08	9.70636e-06 2.98078e-06	3.804e-10 8.27745e-09	-2.03325e-08 4.75716e-09	-2.09221e-10 8.2303e-11	-6.45975e-11 1.42642e-11	
68.5	26.01	15.5	-8.81593e-08 1.94826e-08	6.30487e-06 2.62937e-06	-3.97828e-08 1.70251e-08	-2.42888e-08 4.72165e-09	-2.85582e-10 1.78236e-10	-9.23255e-11 2.51156e-11	
69.5	24.5199	14.5	-1.46796e-07 5.24892e-08	1.05354e-06 2.11091e-06	-2.29089e-08 8.35056e-09	-2.32443e-08 4.17204e-09	-1.04711e-10 2.93186e-11	-5.72792e-11 1.54185e-11	
70.5	22.489	13.5	-5.39454e-08 1.3691e-08	5.89441e-06 2.2249e-06	-2.88299e-08 9.44727e-09	-1.70909e-08 3.3545e-09	-5.58825e-11 2.46699e-11	-5.52648e-11 1.24424e-11	
71.5	20.8155	13	-7.8601e-08 1.65587e-08	3.49445e-06 2.13643e-06	-3.11965e-08 9.04105e-09	-1.49414e-08 2.01668e-09	-1.36036e-10 2.62157e-11	-3.02164e-11 6.14157e-12	
72.5	19.036	12.5	-5.79456e-08 1.13303e-08	-2.99944e-08 1.51749e-06	-1.93456e-08 9.1519e-09	-1.06945e-08 2.61509e-09	-1.27945e-10 3.34089e-11	-2.33503e-11 8.67265e-12	
73.5	17.9211	11.5	-4.7323e-08 9.17492e-09	-1.37784e-06 1.28646e-06	-2.51713e-08 7.43873e-09	-1.51275e-08 3.33193e-09	-1.25716e-10 2.44097e-11	-2.47981e-11 6.68599e-12	
74.5	16.616	10.5	-1.57814e-07 7.50731e-08	1.27004e-06 2.15631e-06	-5.44651e-09 8.38474e-09	-9.12345e-09 3.48239e-09	-3.43312e-11 2.1243e-11	-2.38835e-11 1.66913e-11	
75.5	14.9758	10	-6.71607e-08 1.94551e-08	3.04278e-06 4.78763e-06	1.60077e-09 6.46962e-09	-9.86551e-09 3.97436e-09	-2.63504e-10 1.16179e-10	-5.66183e-11 4.94193e-11	
76.5	14.3061	9.5	-2.06328e-08 1.42714e-08	-4.30352e-06 1.80211e-06	-1.21225e-08 5.46612e-09	-6.071e-09 3.19191e-09	-1.06483e-10 4.96972e-11	-5.01815e-12 2.55833e-12	
77.5	12.608	8.5	-2.87447e-08 1.53633e-08	4.01585e-08 2.76922e-06	-1.23747e-09 3.53808e-09	-7.65105e-09 2.6109e-09	-1.29859e-10 9.08242e-11	-4.99337e-12 1.92705e-12	
78.5	11.9651	8	-8.37469e-08 5.67361e-08	-6.42974e-06 1.86728e-06	-1.21356e-08 4.9858e-09	-1.01875e-08 5.2177e-09	-3.23415e-11 1.1942e-11	-8.19691e-12 5.73786e-12	
79.5	10.6179	7.5	-5.73729e-08 1.62085e-08	-5.8408e-06 2.12305e-06	-4.1425e-09 2.49811e-09	-4.3625e-09 1.65096e-09	-6.16417e-12 4.95675e-12	-1.69653e-12 7.39798e-13	
80.5	9.52395	7	-2.58274e-08 9.84414e-09	-5.78991e-06 1.83372e-06	-1.14731e-08 6.5802e-09	-5.81392e-09 2.50363e-09	-1.07259e-11 4.69668e-12	-3.04064e-12 1.5406e-12	
81.5	8.80245	6.5	-2.91825e-08 8.41369e-09	-3.70263e-06 1.1166e-06	-6.54238e-09 1.9504e-09	-3.03613e-09 1.24891e-09	-1.69136e-11 6.94283e-12	-1.43319e-12 6.35707e-13	
82.5	7.9211	6	-2.01866e-08 1.21432e-08	-3.75711e-06 1.43263e-06	-3.02918e-09 1.27315e-09	-1.45322e-09 8.22444e-10	-5.25117e-12 2.69126e-12	-4.123e-13 1.71772e-13	
83.5	7.13899	5.5	-1.44289e-08 5.42642e-09	-5.73536e-06 2.11303e-06	-2.36366e-09 1.64291e-09	-2.11188e-09 1.07382e-09	-2.85356e-12 2.23766e-12	-1.00406e-12 4.88553e-13	
84.5	6.44976	5	-1.1254e-08 4.93333e-09	-3.97484e-06 1.2953e-06	-1.69933e-09 6.82542e-10	-1.30929e-09 8.92517e-10	-1.14212e-11 1.09563e-11	-8.62169e-13 4.25359e-13	
85.5	5.75018	4.5	-2.02444e-08 8.56514e-09	-1.55775e-06 7.36297e-07	-2.73266e-09 1.64049e-09	-2.26773e-10 9.82122e-11	-4.14869e-12 3.83973e-12	-2.56424e-13 1.07246e-13	
86.5	5.17809	4	-2.50976e-09 8.21552e-10	-2.65586e-06 1.03891e-06	-2.05773e-09 1.67098e-09	-3.39681e-10 1.54997e-10	-2.00761e-12 1.83635e-12	-1.21168e-12 7.58524e-13	
87.5	4.52677	4	-3.06835e-08 1.70055e-08	-3.23971e-06 1.01239e-06	-3.5562e-10 1.23954e-10	-3.00464e-10 1.44296e-10	-2.63846e-13 1.83833e-13	-3.1827e-13 1.24578e-13	
88.5	4.06829	4	-1.85414e-09 1.01928e-09	-1.47801e-06 6.33589e-07	-6.42316e-10 3.22548e-10	-1.16235e-10 7.24957e-11	-2.54248e-14 8.48744e-15	-2.14472e-13 9.48411e-14	
89.5	3.47012	3.5	-1.72724e-09 5.61553e-10	-1.09599e-06 4.15299e-07	-2.45431e-10 1.18006e-10	-7.39383e-12 4.01422e-12	-5.86783e-14 2.87235e-14	-5.31995e-14 2.24358e-14	
90.5	nan	3	nan nan	nan nan	nan nan	nan nan	nan nan	nan nan	
91.5	nan	3	nan nan	nan nan	nan nan	nan nan	nan nan	nan nan	
92.5	nan	2.5	nan nan	nan nan	nan nan	nan nan	nan nan	nan nan	
93.5	nan	2	nan nan	nan nan	nan nan	nan nan	nan nan	nan nan	
94.5	nan	2	nan nan	nan nan	nan nan	nan nan	nan nan	nan nan	
95.5	nan	2	nan nan	nan nan	nan nan	nan nan	nan nan	nan nan	
96.5	nan	2	nan nan	nan nan	nan nan	nan nan	nan nan	nan nan	
97.5	nan	2	nan nan	nan nan	nan nan	nan nan	nan nan	nan nan	
98.5	nan	2	nan nan	nan nan	nan nan	nan nan	nan nan	nan nan	
99.5	nan	0	nan nan	nan nan	nan nan	nan nan	nan nan	nan nan	
