Cent%	 dNdy	 Npart	 gamma2 err 	 k12 err 	 k22 err	 gamma3 err 	 k13 err 	 k23 err
0.5	578.514	407.5	0.199556 0.000259249	0.200299 0.000608099	-0.0615254 0.0198045	0.149437 0.000382227	0.147078 0.00192509	0.160989 0.113861	
1.5	555.259	394	0.203558 7.22146e-05	0.202445 0.00192513	0.0717129 0.148026	0.149099 7.59756e-06	0.149561 3.06273e-05	-0.0294014 0.00429096	
2.5	541.906	384	0.203672 9.86203e-06	0.207388 0.000217788	-0.185928 0.0271755	0.154551 6.63049e-05	0.160166 0.00107839	-0.31413 0.0870593	
3.5	502.583	373.5	0.20688 4.85151e-05	0.208301 0.000640117	-0.0512089 0.0406266	0.156696 2.75983e-06	0.155073 8.13871e-06	0.0776766 0.00018267	
4.5	471.529	362.5	0.212031 0.000105832	0.215051 0.0033645	-0.108311 0.124634	0.155858 4.80192e-05	0.155933 0.00015297	-0.00322833 0.0054351	
5.5	466.193	351.5	0.212627 2.40529e-05	0.214302 0.000119684	-0.0511863 0.00636794	0.154825 6.81437e-05	0.155882 0.00016774	-0.046786 0.00590438	
6.5	449.177	341	0.213023 6.73722e-05	0.2101 0.000568034	0.0697571 0.0297424	0.156516 5.80806e-05	0.165449 0.000106196	-0.358657 0.00144842	
7.5	428.314	331	0.211112 1.89362e-05	0.210638 8.47068e-05	0.0100951 0.00226103	0.157594 3.62949e-05	0.155873 0.00011264	0.0688366 0.00335154	
8.5	420.999	321	0.211152 1.92588e-05	0.205889 8.08021e-05	0.0992713 0.00153408	0.153534 2.50297e-05	0.156441 9.1174e-05	-0.117781 0.00316493	
9.5	391.983	311	0.211334 2.67162e-05	0.21011 0.00283666	0.0186815 0.0471226	0.150354 0.000134586	0.148877 0.000338976	0.0544166 0.00584582	
10.5	368.917	301.5	0.210028 5.94741e-06	0.209966 5.99364e-05	0.000895226 0.00409409	0.151109 9.13593e-05	0.151663 0.000340266	-0.017058 0.013631	
11.5	366.258	292	0.210034 7.74997e-06	0.208771 0.000440376	0.0162015 0.0119204	0.150367 3.0465e-06	0.150987 4.9115e-06	-0.0204578 0.000655735	
12.5	358.788	282.5	0.206388 1.75629e-05	0.204739 0.000105113	0.021308 0.00233429	0.149758 5.56401e-05	0.151324 0.00283254	-0.0519532 0.086955	
13.5	333.511	274	0.207595 2.32363e-05	0.20285 0.00242045	0.0540559 0.032664	0.149343 9.29806e-05	0.14999 0.000227873	-0.0205211 0.00110585	
14.5	323.226	265.5	0.207608 5.88736e-05	0.207473 0.00336969	0.00154437 0.0423824	0.14744 2.05589e-05	0.147365 6.93471e-05	0.00210668 0.00139373	
15.5	300.96	257	0.208024 9.50268e-06	0.199486 0.00471127	0.0818909 0.0435837	0.149613 3.85468e-05	0.149268 0.000125994	0.0100395 0.0045963	
16.5	302.534	249	0.206892 4.59615e-05	0.200777 0.00189637	0.0574601 0.024109	0.145345 2.21365e-06	0.149729 3.55369e-06	-0.108442 3.59862e-06	
17.5	284.196	241	0.205174 7.62363e-05	0.195431 0.00217304	0.0848488 0.025617	0.141334 7.07933e-05	0.14604 0.000100245	-0.117429 0.00335067	
18.5	274.891	233.5	0.203947 3.66057e-05	0.199164 0.00111531	0.0400881 0.0151148	0.145714 3.99687e-05	0.14786 0.000106934	-0.0515161 0.000370905	
19.5	266.192	226	0.205726 4.83814e-05	0.198019 0.000413182	0.0612563 0.00595605	0.144062 0.000153414	0.139263 0.000592673	0.115234 0.0163307	
20.5	256.66	218.5	0.202724 2.28831e-05	0.189831 0.00274873	0.0920274 0.0251878	0.141201 4.58011e-05	0.137803 0.000153705	0.0813011 0.00204508	
21.5	248.629	211.5	0.201036 5.29667e-05	0.188754 0.00536961	0.0840972 0.0365833	0.138347 4.84392e-05	0.133974 0.000500264	0.0884896 0.0160418	
22.5	234.558	204.5	0.201657 5.03897e-05	0.19249 0.00340155	0.0603557 0.0246095	0.136107 5.92307e-06	0.144528 3.75444e-05	-0.172107 0.00107992	
23.5	225.872	197.5	0.200957 3.5095e-05	0.187586 0.00901467	0.0894508 0.0502585	0.133853 9.65571e-05	0.133805 0.000268385	0.000975646 0.00189993	
24.5	225.981	191	0.200698 9.57485e-05	0.191571 0.0140459	0.0579426 0.0684343	0.134265 6.00218e-06	0.134522 2.02446e-05	-0.00516302 0.000271409	
25.5	208.921	184.5	0.200461 0.000106567	0.182033 0.00561638	0.107585 0.0304425	0.136093 0.000151167	0.137526 0.00043031	-0.0261382 0.0155628	
26.5	201.528	178	0.19767 5.27054e-05	0.180996 0.00247678	0.0920521 0.0177712	0.130277 3.43931e-05	0.127475 4.66673e-05	0.0469861 0.00207958	
27.5	192.629	172	0.197247 1.40148e-05	0.182965 0.000106825	0.0793129 0.00203439	0.128987 2.45358e-05	0.130552 8.40961e-05	-0.027295 0.00122401	
28.5	185.878	166	0.194634 1.96906e-05	0.172535 0.0145175	0.118328 0.0545915	0.127627 0.000330877	0.123678 0.00304119	0.0727917 0.0426165	
29.5	171.122	160.5	0.197158 5.44978e-05	0.17952 0.00120493	0.0917949 0.0114631	0.122129 0.00012981	0.128447 0.00035356	-0.11638 0.0029056	
30.5	174.755	155	0.195548 2.15151e-06	0.167578 0.011948	0.140636 0.0455947	0.118632 0.000122448	0.120493 0.00100923	-0.0282424 0.0158731	
31.5	166.351	149.5	0.19432 2.04843e-05	0.166106 0.00519714	0.128593 0.0256564	0.119692 8.21933e-05	0.120074 0.000280227	-0.00628112 0.00447592	
32.5	154.432	144	0.191834 5.81158e-05	0.169561 0.000902282	0.104129 0.00827623	0.119902 1.22965e-06	0.117908 2.68371e-06	0.0279855 0.000284724	
33.5	149.678	138.5	0.19099 3.80566e-05	0.168152 0.00266044	0.101942 0.0145999	0.114978 5.25187e-05	0.116023 0.000278859	-0.0147568 0.00583055	
34.5	142.768	133.5	0.19363 2.43428e-05	0.16717 0.000251872	0.115403 0.000330629	0.114706 1.29981e-05	0.118963 6.58881e-05	-0.0519567 0.00139104	
35.5	132.376	128.5	0.192204 6.21385e-05	0.171184 0.00429195	0.0903846 0.019836	0.117949 0.00013471	0.118891 5.10157e-05	-0.013223 0.00610657	
36.5	130.036	123.5	0.190797 9.77115e-07	0.168654 2.78577e-05	0.0910348 2.9904e-05	0.115472 0.00013107	0.112684 0.000653072	0.0381966 0.0137869	
37.5	125.833	119	0.189418 7.16493e-06	0.156995 0.00537802	0.12999 0.0222802	0.113647 9.39673e-05	0.116596 0.000103346	-0.0425547 0.00315055	
38.5	120.043	114.5	0.188484 1.70263e-06	0.146873 0.00370465	0.153452 0.0152634	0.109795 2.94735e-05	0.114841 7.8529e-06	-0.0587463 0.00162589	
39.5	115.584	110	0.186664 2.62534e-05	0.158447 0.00886871	0.104867 0.02986	0.108584 3.95508e-05	0.107145 0.00012706	0.0174986 0.00138144	
40.5	110.578	105.5	0.180984 1.00046e-05	0.140072 0.00301327	0.153635 0.0133294	0.104625 0.000144889	0.0997191 0.00115142	0.0493238 0.0133357	
41.5	95.4008	101	0.174243 3.91565e-06	0.140307 0.00136855	0.12375 0.00550238	0.0958055 1.17907e-06	0.0964131 4.61226e-06	-0.00647715 3.82445e-05	
42.5	90.9797	97	0.170442 6.08999e-06	0.130418 0.000219438	0.143484 0.00172706	0.0919908 2.60372e-06	0.0918757 7.13235e-05	0.00109965 0.00120731	
43.5	87.6032	93	0.170763 6.40683e-06	0.132728 0.000234649	0.134266 0.00163145	0.0908077 1.01414e-06	0.0910354 3.83198e-06	-0.00215899 6.75403e-05	
44.5	82.4555	89	0.171189 2.96616e-05	0.127952 0.000922271	0.147767 0.00374486	0.088627 2.01872e-05	0.0922703 0.000313244	-0.0346588 0.00315383	
45.5	79.542	85.5	0.165682 1.58891e-06	0.11404 0.000275531	0.170863 0.00181888	0.0859616 1.29358e-05	0.0872028 0.000375537	-0.011114 0.00375974	
46.5	76.2106	82	0.164961 3.06105e-05	0.123567 0.00292454	0.13738 0.00791896	0.0826639 1.39386e-05	0.0850398 4.453e-05	-0.0198254 0.000221027	
47.5	71.4493	78.5	0.165777 6.6796e-05	0.123297 0.000499827	0.134786 0.00222632	0.0830334 4.08033e-05	0.0841247 0.000163744	-0.00940011 0.00161793	
48.5	68.6503	75	0.163534 1.02723e-05	0.111056 0.000197733	0.168332 0.00123447	0.0795837 7.01426e-05	0.080692 0.000279974	-0.00930059 0.00211218	
49.5	64.1843	71.5	0.16462 1.83267e-05	0.113629 0.00017461	0.154359 0.00011484	0.0759444 5.98921e-05	0.0808455 0.000273181	-0.0378347 0.00275872	
50.5	60.8016	68.5	0.162643 2.91774e-05	0.115393 0.000193786	0.141574 0.00107686	0.0806267 3.07449e-05	0.0809301 0.000117787	-0.00227845 0.000638431	
51.5	57.5133	65	0.162074 1.71434e-06	0.111789 0.000227104	0.14774 0.00123682	0.0734947 5.0861e-05	0.0747587 0.000543865	-0.00889091 0.00343412	
52.5	53.9891	61.5	0.160105 1.21873e-05	0.112028 0.000828856	0.139625 0.00312349	0.0707797 1.13427e-05	0.0795864 3.38225e-05	-0.0629211 0.000156561	
53.5	51.2351	58.5	0.160242 0.000132142	0.105472 0.00156734	0.153902 0.00426343	0.0705321 3.69746e-05	0.0768139 0.000129957	-0.0412177 0.000798991	
54.5	49.2422	56	0.157585 7.03643e-05	0.103142 0.00054994	0.150318 0.00220981	0.0699004 1.02549e-05	0.0693954 1.6399e-05	0.00310032 0.000500151	
55.5	46.3765	53.5	0.155808 0.000108302	0.0992535 0.000600594	0.155705 0.00188721	0.0633447 0.000189793	0.0632631 0.000474736	0.000513157 0.00184954	
56.5	43.4107	50.5	0.155275 7.61396e-06	0.0993449 0.00010727	0.150046 1.88311e-05	0.0622318 1.15188e-05	0.0700619 2.78322e-05	-0.0481277 4.64155e-05	
57.5	41.4004	48	0.153814 0.000189528	0.0858896 0.000983123	0.181327 0.00285934	0.0601945 5.82565e-06	0.0629076 0.000377865	-0.0161988 0.00243347	
58.5	38.2329	45.5	0.155912 7.22857e-05	0.0857752 0.00262586	0.177924 0.00546989	0.0579961 6.63549e-06	0.0684805 3.38917e-05	-0.0584555 0.000200116	
59.5	35.8919	43	0.153691 8.30443e-05	0.0895097 0.0016722	0.164011 0.00424467	0.0578435 4.9404e-05	0.0601095 0.000200903	-0.0124409 0.000855978	
60.5	34.1301	41	0.151679 1.67453e-05	0.0851154 0.00281871	0.166461 0.00606733	0.0558309 3.19176e-06	0.0656234 1.19386e-05	-0.051008 4.65158e-05	
61.5	31.5632	38.5	0.150406 2.47777e-05	0.0842283 0.00026912	0.163041 0.00118678	0.0522932 3.51249e-05	0.0655057 7.54822e-05	-0.0661412 0.000130595	
62.5	29.2216	36	0.147979 3.09587e-05	0.0802757 0.000127026	0.168607 0.000378696	0.0471986 3.79776e-06	0.0604624 1.73985e-05	-0.0648014 6.5318e-05	
63.5	27.2529	34	0.149572 4.31944e-05	0.0876611 0.00245084	0.147476 0.00492956	0.0484365 2.76183e-05	0.060695 0.00011362	-0.0579473 0.000512895	
64.5	25.4615	32	0.144035 1.48287e-05	0.0832683 0.000441174	0.143238 0.00157871	0.0430542 3.96624e-05	0.0611237 0.000206583	-0.0778394 0.000818897	
65.5	23.4401	30	0.145563 4.86905e-06	0.0970537 0.0022595	0.113342 0.00448236	0.0451294 6.7676e-07	0.0595286 4.32449e-06	-0.0682291 1.58644e-05	
66.5	22.2147	28	0.145088 1.25245e-06	0.0868513 3.33156e-05	0.131622 4.61845e-05	0.039925 5.04429e-05	0.0571059 0.000111178	-0.0769935 0.000209654	
67.5	20.6844	26.5	0.141639 0.000176024	0.0851594 0.00243278	0.125619 0.00521977	0.0373631 3.23313e-05	0.053374 0.000108257	-0.0722553 0.000349645	
68.5	19.0608	25	0.142203 1.24836e-05	0.0893472 4.15306e-05	0.118856 0.000250938	0.0366475 2.72694e-05	0.0537184 5.87529e-05	-0.0730219 0.000109807	
69.5	17.4793	23	0.135968 2.42744e-05	0.0925988 0.0001231	0.0945414 0.000367557	0.0323689 4.5932e-05	0.0519679 6.08905e-05	-0.0826388 0.000486016	
70.5	16.0762	21.5	0.133225 7.51999e-05	0.0912374 0.00632472	0.0898534 0.00980475	0.0278163 1.34835e-05	0.0471868 8.55628e-05	-0.0772887 0.000292721	
71.5	14.2377	20	0.127516 8.47892e-06	0.0914381 0.000124079	0.0766842 0.0007301	0.0249763 7.50168e-05	0.0454356 1.3503e-06	-0.0790983 0.000339554	
72.5	13.1409	18.5	0.127752 4.22103e-05	0.09363 0.00275577	0.0709915 0.0054123	0.0261688 2.66543e-05	0.0512628 0.000223644	-0.0970662 0.000850722	
73.5	12.2663	17.5	0.120429 0.000265823	0.114083 0.00399023	0.0131702 0.00657662	0.0200673 0.000231136	0.0408901 0.0004994	-0.0736234 0.00100326	
74.5	11.3689	16.5	0.123116 7.003e-06	0.0973448 6.50249e-05	0.0513543 0.000116632	0.0192937 9.15102e-05	0.0411778 0.000311951	-0.0799093 0.000847492	
75.5	10.2166	15	0.118584 0.00023121	0.112193 0.00229811	0.0128502 0.00273171	0.0194431 9.15949e-05	0.0410067 0.000288317	-0.079259 0.00044046	
76.5	9.04933	13.5	0.109831 2.45038e-05	0.114057 0.000453941	-0.00825278 0.0013567	0.0170747 2.05084e-05	0.0395849 0.000116993	-0.0795453 0.000500934	
77.5	8.24322	12.5	0.108476 7.91451e-05	0.110293 0.00206031	-0.00359769 0.0038478	0.0171126 6.67943e-05	0.0401849 0.000257558	-0.0769712 0.000613658	
78.5	7.55578	11.5	0.104188 8.67523e-06	0.125061 4.63728e-05	-0.0395724 0.000297993	0.0127917 2.47034e-05	0.033411 6.34748e-05	-0.0681511 0.000145953	
79.5	6.74383	10.5	0.104618 3.97033e-05	0.136228 0.000382444	-0.0601291 0.000687216	0.0136107 6.08836e-05	0.0353682 0.00133666	-0.0678768 0.00260972	
80.5	nan	9.5	nan nan	nan nan	nan nan	nan nan	nan nan	nan nan	
81.5	nan	9	nan nan	nan nan	nan nan	nan nan	nan nan	nan nan	
82.5	nan	8.5	nan nan	nan nan	nan nan	nan nan	nan nan	nan nan	
83.5	nan	7.5	nan nan	nan nan	nan nan	nan nan	nan nan	nan nan	
84.5	nan	6.5	nan nan	nan nan	nan nan	nan nan	nan nan	nan nan	
85.5	nan	6	nan nan	nan nan	nan nan	nan nan	nan nan	nan nan	
86.5	nan	5.5	nan nan	nan nan	nan nan	nan nan	nan nan	nan nan	
87.5	nan	5	nan nan	nan nan	nan nan	nan nan	nan nan	nan nan	
88.5	nan	4.5	nan nan	nan nan	nan nan	nan nan	nan nan	nan nan	
89.5	nan	4	nan nan	nan nan	nan nan	nan nan	nan nan	nan nan	
90.5	nan	3.5	nan nan	nan nan	nan nan	nan nan	nan nan	nan nan	
91.5	nan	3	nan nan	nan nan	nan nan	nan nan	nan nan	nan nan	
92.5	nan	3	nan nan	nan nan	nan nan	nan nan	nan nan	nan nan	
93.5	nan	2.5	nan nan	nan nan	nan nan	nan nan	nan nan	nan nan	
94.5	nan	2	nan nan	nan nan	nan nan	nan nan	nan nan	nan nan	
95.5	nan	2	nan nan	nan nan	nan nan	nan nan	nan nan	nan nan	
96.5	nan	2	nan nan	nan nan	nan nan	nan nan	nan nan	nan nan	
97.5	nan	1.5	nan nan	nan nan	nan nan	nan nan	nan nan	nan nan	
98.5	nan	1	nan nan	nan nan	nan nan	nan nan	nan nan	nan nan	
99.5	nan	0	nan nan	nan nan	nan nan	nan nan	nan nan	nan nan	
