Cent%	 dNdy	 Npart	 hydro 	 linear 	 linear+cubic
0.5	578.514	407.5	0.615205	0.59864	0.581233	nan	nan	0.283541	
1.5	555.259	394	0.692789	0.701847	0.711721	0.327754	0.388262	0.321546	
2.5	541.906	384	0.699808	0.719017	0.68211	0.729092	0.748103	0.694296	
3.5	502.583	373.5	0.624113	0.623751	0.602444	nan	nan	nan	
4.5	471.529	362.5	0.7914	0.795371	0.780071	0.343197	0.452828	0.448465	
5.5	466.193	351.5	0.814542	0.821906	0.81493	nan	nan	nan	
6.5	449.177	341	0.837472	0.84057	0.84986	0.694174	0.686208	0.469705	
7.5	428.314	331	0.820681	0.828326	0.829977	nan	0.44627	0.52759	
8.5	420.999	321	0.837673	0.843822	0.859915	0.693446	0.73361	0.700485	
9.5	391.983	311	0.866956	0.873664	0.876875	0.596371	0.602568	0.643038	
10.5	368.917	301.5	0.873864	0.88071	0.880855	0.353029	0.409633	0.345941	
11.5	366.258	292	0.884344	0.891589	0.894183	0.560075	0.591516	0.573395	
12.5	358.788	282.5	0.904021	0.912612	0.915327	0.684199	0.718283	0.698179	
13.5	333.511	274	0.882522	0.889091	0.899303	0.552842	0.603089	0.587212	
14.5	323.226	265.5	0.918985	0.92717	0.927353	0.408867	0.406731	0.41275	
15.5	300.96	257	0.873279	0.880125	0.898793	0.539663	0.539212	0.55109	
16.5	302.534	249	0.887352	0.893514	0.90459	0.294444	0.526744	nan	
17.5	284.196	241	0.90264	0.910454	0.924151	0.541056	0.663258	0.571199	
18.5	274.891	233.5	0.907126	0.915497	0.922995	0.577838	0.58811	0.523067	
19.5	266.192	226	0.912459	0.919433	0.930071	nan	nan	0.410622	
20.5	256.66	218.5	0.905949	0.91229	0.930418	0.428551	0.607769	0.676566	
21.5	248.629	211.5	0.894064	0.90058	0.91931	nan	nan	nan	
22.5	234.558	204.5	0.90803	0.918779	0.930981	0.507597	0.596586	nan	
23.5	225.872	197.5	0.919834	0.926724	0.940773	0.589174	0.579107	0.580408	
24.5	225.981	191	0.919388	0.928292	0.938878	0.63241	0.630722	0.624867	
25.5	208.921	184.5	0.901733	0.909324	0.936853	0.573985	0.593194	0.549879	
26.5	201.528	178	0.910691	0.91909	0.939048	0.501249	0.485263	0.590722	
27.5	192.629	172	0.91501	0.925503	0.942785	0.522135	0.69603	0.66905	
28.5	185.878	166	0.898956	0.907453	0.937535	0.520068	0.568918	0.668692	
29.5	171.122	160.5	0.90928	0.916713	0.938094	0.719181	0.748331	0.652585	
30.5	174.755	155	0.898936	0.907712	0.942796	0.234109	0.53569	0.382849	
31.5	166.351	149.5	0.892996	0.903072	0.939838	0.699723	0.730966	0.72575	
32.5	154.432	144	0.908611	0.923427	0.947149	0.30021	0.42396	0.530213	
33.5	149.678	138.5	0.890876	0.904058	0.936822	0.583618	0.747024	0.735094	
34.5	142.768	133.5	0.898716	0.907443	0.941171	0.550812	0.540498	nan	
35.5	132.376	128.5	0.895303	0.912102	0.939364	0.606798	0.696238	0.680139	
36.5	130.036	123.5	0.886087	0.907931	0.937134	0.504544	0.432621	0.580313	
37.5	125.833	119	0.885405	0.899315	0.94461	0.701105	0.773522	0.744039	
38.5	120.043	114.5	0.866133	0.872773	0.935137	0.654736	0.724555	0.637018	
39.5	115.584	110	0.903115	0.919166	0.94961	0.573805	0.600962	0.641992	
40.5	110.578	105.5	0.869856	0.885778	0.942878	0.295296	nan	0.572063	
41.5	95.4008	101	0.878962	0.902272	0.945604	0.502906	0.68641	0.674055	
42.5	90.9797	97	0.852344	0.881208	0.942632	0.463914	0.507557	0.515833	
43.5	87.6032	93	0.860019	0.888898	0.942947	0.412148	0.592018	0.582264	
44.5	82.4555	89	0.835699	0.856253	0.934304	0.546746	0.689996	0.569327	
45.5	79.542	85.5	0.799335	0.823341	0.934684	nan	0.627378	0.576268	
46.5	76.2106	82	0.84536	0.876322	0.942101	nan	0.671482	0.595105	
47.5	71.4493	78.5	0.837575	0.8699	0.937915	0.53915	0.663994	0.63131	
48.5	68.6503	75	0.808263	0.832831	0.936087	0.403892	0.675122	0.640322	
49.5	64.1843	71.5	0.811521	0.842704	0.936705	0.494292	0.76411	0.651355	
50.5	60.8016	68.5	0.804511	0.837973	0.929817	0.561197	0.71537	0.709424	
51.5	57.5133	65	0.802811	0.835399	0.932738	0.426963	0.700131	0.664993	
52.5	53.9891	61.5	0.803936	0.855322	0.936125	0.520508	0.807872	0.610152	
53.5	51.2351	58.5	0.785554	0.823145	0.931444	0.406119	0.784273	0.653215	
54.5	49.2422	56	0.791213	0.820456	0.933068	nan	0.547212	0.577381	
55.5	46.3765	53.5	0.746652	0.785047	0.924964	nan	0.658423	0.661351	
56.5	43.4107	50.5	0.79301	0.814523	0.930267	0.479254	0.819105	0.664483	
57.5	41.4004	48	0.715351	0.734379	0.924297	0.509166	0.741575	0.670867	
58.5	38.2329	45.5	0.737856	0.752521	0.92353	0.58393	0.859459	0.680351	
59.5	35.8919	43	0.720466	0.765572	0.926491	0.430195	0.776663	0.733488	
60.5	34.1301	41	0.710127	0.725626	0.917087	0.467253	0.861491	0.705509	
61.5	31.5632	38.5	0.708869	0.758226	0.923693	nan	0.884063	0.670188	
62.5	29.2216	36	0.692954	0.734314	0.925218	0.467745	0.900627	0.730907	
63.5	27.2529	34	0.743738	0.783855	0.927049	0.464151	0.895601	0.723029	
64.5	25.4615	32	0.725691	0.783811	0.929513	0.5487	0.924697	0.701182	
65.5	23.4401	30	0.712637	0.799953	0.917855	0.58673	0.916381	0.7426	
66.5	22.2147	28	0.688767	0.781089	0.920737	0.414923	0.923545	0.698569	
67.5	20.6844	26.5	0.682584	0.760452	0.918894	0.350987	0.938754	0.757008	
68.5	19.0608	25	0.715629	0.792976	0.920706	nan	0.923585	0.682038	
69.5	17.4793	23	0.637659	0.8166	0.918307	nan	0.934249	0.699156	
70.5	16.0762	21.5	0.639293	0.807061	0.91126	nan	0.937185	0.720069	
71.5	14.2377	20	0.637139	0.824346	0.913132	nan	0.937076	0.704165	
72.5	13.1409	18.5	0.587245	0.833863	0.916238	0.488922	0.928282	0.698704	
73.5	12.2663	17.5	0.645952	0.901667	0.913584	0.489676	0.918786	0.62683	
74.5	11.3689	16.5	0.634086	0.880319	0.927107	nan	0.914572	0.632756	
75.5	10.2166	15	0.60578	0.905001	0.917135	nan	0.920128	0.614132	
76.5	9.04933	13.5	0.425644	0.921926	0.914039	nan	0.908997	0.493007	
77.5	8.24322	12.5	0.529063	0.920191	0.916777	nan	0.909012	0.564058	
78.5	7.55578	11.5	nan	0.953165	0.92298	0.406518	0.898394	nan	
79.5	6.74383	10.5	nan	0.951739	0.904682	nan	0.874074	nan	
80.5	nan	9.5	nan	nan	nan	nan	nan	nan	
81.5	nan	9	nan	nan	nan	nan	nan	nan	
82.5	nan	8.5	nan	nan	nan	nan	nan	nan	
83.5	nan	7.5	nan	nan	nan	nan	nan	nan	
84.5	nan	6.5	nan	nan	nan	nan	nan	nan	
85.5	nan	6	nan	nan	nan	nan	nan	nan	
86.5	nan	5.5	nan	nan	nan	nan	nan	nan	
87.5	nan	5	nan	nan	nan	nan	nan	nan	
88.5	nan	4.5	nan	nan	nan	nan	nan	nan	
89.5	nan	4	nan	nan	nan	nan	nan	nan	
90.5	nan	3.5	nan	nan	nan	nan	nan	nan	
91.5	nan	3	nan	nan	nan	nan	nan	nan	
92.5	nan	3	nan	nan	nan	nan	nan	nan	
93.5	nan	2.5	nan	nan	nan	nan	nan	nan	
94.5	nan	2	nan	nan	nan	nan	nan	nan	
95.5	nan	2	nan	nan	nan	nan	nan	nan	
96.5	nan	2	nan	nan	nan	nan	nan	nan	
97.5	nan	1.5	nan	nan	nan	nan	nan	nan	
98.5	nan	1	nan	nan	nan	nan	nan	nan	
99.5	nan	0	nan	nan	nan	nan	nan	nan	
