Cent%	 dNdy	 Npart	 v2{4}/v2{2} err	 v3{4}/v3{2} err	 v4{4}/v4{2} err
0.5	578.514	407.5	0.615205 0.0850114	-0.510706 0.245777	0.66375 0.064658	
1.5	555.259	394	0.692789 0.0581957	0.327754 0.613224	0.4159 0.272058	
2.5	541.906	384	0.699808 0.0538923	0.729092 0.0375067	0.717218 0.0415066	
3.5	502.583	373.5	0.624113 0.0733464	-0.525431 0.290674	0.600065 0.0941154	
4.5	471.529	362.5	0.7914 0.0244469	0.343197 0.544417	0.767109 0.0306463	
5.5	466.193	351.5	0.814542 0.0240503	-0.461324 0.27359	0.655056 0.0600519	
6.5	449.177	341	0.837472 0.0225613	0.694174 0.0548075	0.417478 0.319092	
7.5	428.314	331	0.820681 0.0201738	-0.340922 0.527183	-0.532167 0.177552	
8.5	420.999	321	0.837673 0.0196617	0.693446 0.0517444	0.655832 0.0605665	
9.5	391.983	311	0.866956 0.01415	0.596371 0.136959	0.646511 0.0656129	
10.5	368.917	301.5	0.873864 0.0128509	0.353029 0.475888	0.642418 0.0704775	
11.5	366.258	292	0.884344 0.0115394	0.560075 0.12691	0.531332 0.142789	
12.5	358.788	282.5	0.904021 0.00878655	0.684199 0.0631161	0.487903 0.210672	
13.5	333.511	274	0.882522 0.0137418	0.552842 0.118147	0.46923 0.192027	
14.5	323.226	265.5	0.918985 0.00780408	0.408867 0.279674	-0.622027 0.100766	
15.5	300.96	257	0.873279 0.0132466	0.539663 0.161887	-0.6007 0.111272	
16.5	302.534	249	0.887352 0.0111079	0.294444 0.929887	0.466263 0.191369	
17.5	284.196	241	0.90264 0.00919906	0.541056 0.125848	0.451914 0.252327	
18.5	274.891	233.5	0.907126 0.00914598	0.577838 0.138791	0.333936 0.674901	
19.5	266.192	226	0.912459 0.00747835	-0.566106 0.18508	0.378588 0.358475	
20.5	256.66	218.5	0.905949 0.0100687	0.428551 0.356352	-0.381832 0.491125	
21.5	248.629	211.5	0.894064 0.0101652	-0.680785 0.153806	-0.571621 0.156485	
22.5	234.558	204.5	0.90803 0.00856211	0.507597 0.152518	0.590333 0.0815123	
23.5	225.872	197.5	0.919834 0.00660089	0.589174 0.0830408	-0.574315 0.1791	
24.5	225.981	191	0.919388 0.00818923	0.63241 0.0788708	-0.28547 1.15415	
25.5	208.921	184.5	0.901733 0.00927045	0.573985 0.111641	0.459409 0.215122	
26.5	201.528	178	0.910691 0.00808605	0.501249 0.171605	-0.551683 0.182785	
27.5	192.629	172	0.91501 0.00765298	0.522135 0.189174	0.454925 0.263007	
28.5	185.878	166	0.898956 0.0112106	0.520068 0.140818	0.61749 0.0863171	
29.5	171.122	160.5	0.90928 0.00895086	0.719181 0.0452586	0.539405 0.128039	
30.5	174.755	155	0.898936 0.0090708	0.234109 1.05585	-0.554677 0.197655	
31.5	166.351	149.5	0.892996 0.0120208	0.699723 0.056399	0.577074 0.111856	
32.5	154.432	144	0.908611 0.00776218	0.30021 0.795531	0.445528 0.208456	
33.5	149.678	138.5	0.890876 0.0109985	0.583618 0.135175	-0.36515 0.40654	
34.5	142.768	133.5	0.898716 0.0104595	0.550812 0.134543	0.443419 0.217871	
35.5	132.376	128.5	0.895303 0.0121145	0.606798 0.0839409	0.43132 0.272829	
36.5	130.036	123.5	0.886087 0.0119355	0.504544 0.155095	0.508126 0.150151	
37.5	125.833	119	0.885405 0.0124677	0.701105 0.0496461	-0.535162 0.24609	
38.5	120.043	114.5	0.866133 0.0134148	0.654736 0.056914	0.515533 0.138775	
39.5	115.584	110	0.903115 0.00929291	0.573805 0.101304	0.519242 0.162059	
40.5	110.578	105.5	0.869856 0.0131944	0.295296 0.875169	0.59647 0.0785301	
41.5	95.4008	101	0.878962 0.00744714	0.502906 0.132294	0.629088 0.0455811	
42.5	90.9797	97	0.852344 0.00970445	0.463914 0.14414	-0.447735 0.198953	
43.5	87.6032	93	0.860019 0.00829175	0.412148 0.197758	0.485583 0.112361	
44.5	82.4555	89	0.835699 0.0105159	0.546746 0.0723997	0.329356 0.324133	
45.5	79.542	85.5	0.799335 0.0189665	-0.557693 0.114436	-0.651305 0.245403	
46.5	76.2106	82	0.84536 0.00945027	-0.436613 0.202001	0.469176 0.146456	
47.5	71.4493	78.5	0.837575 0.0111804	0.53915 0.0896105	0.465842 0.12498	
48.5	68.6503	75	0.808263 0.0123015	0.403892 0.185966	-0.144553 1.57074	
49.5	64.1843	71.5	0.811521 0.01381	0.494292 0.105073	-0.398168 0.325358	
50.5	60.8016	68.5	0.804511 0.0140846	0.561197 0.0714809	-0.265758 0.663012	
51.5	57.5133	65	0.802811 0.0122435	0.426963 0.144239	-0.399086 0.268833	
52.5	53.9891	61.5	0.803936 0.0134443	0.520508 0.0872307	0.565744 0.0650559	
53.5	51.2351	58.5	0.785554 0.0150756	0.406119 0.186775	-0.539783 0.109504	
54.5	49.2422	56	0.791213 0.0174182	-0.416566 0.310353	-0.501608 0.193691	
55.5	46.3765	53.5	0.746652 0.0199469	-0.395527 0.323751	-0.569382 0.0942991	
56.5	43.4107	50.5	0.79301 0.0148379	0.479254 0.104337	-0.608848 0.0959455	
57.5	41.4004	48	0.715351 0.028424	0.509166 0.102566	-0.634061 0.0765991	
58.5	38.2329	45.5	0.737856 0.0195936	0.58393 0.0483005	-0.590788 0.0774085	
59.5	35.8919	43	0.720466 0.0264536	0.430195 0.161267	-0.596861 0.0820771	
60.5	34.1301	41	0.710127 0.0284139	0.467253 0.165914	-0.645944 0.0745349	
61.5	31.5632	38.5	0.708869 0.0208978	-0.34153 0.387939	-0.634208 0.0584001	
62.5	29.2216	36	0.692954 0.0291375	0.467745 0.121817	-0.707841 0.0648636	
63.5	27.2529	34	0.743738 0.0218616	0.464151 0.128952	-0.744297 0.0647509	
64.5	25.4615	32	0.725691 0.0234968	0.5487 0.0733309	-0.62053 0.0658274	
65.5	23.4401	30	0.712637 0.0250065	0.58673 0.0526037	-0.642472 0.0736646	
66.5	22.2147	28	0.688767 0.0261907	0.414923 0.17866	-0.67021 0.0531711	
67.5	20.6844	26.5	0.682584 0.0378244	0.350987 0.357944	-0.705592 0.0581638	
68.5	19.0608	25	0.715629 0.0201808	-0.269008 0.616022	-0.597501 0.0769381	
69.5	17.4793	23	0.637659 0.0325455	-0.444769 0.142636	-0.644079 0.0524346	
70.5	16.0762	21.5	0.639293 0.0563409	-0.266129 0.814082	-0.710609 0.0869443	
71.5	14.2377	20	0.637139 0.0401139	-0.533444 0.11883	-0.694464 0.0491386	
72.5	13.1409	18.5	0.587245 0.0701503	0.488922 0.132712	-0.729733 0.0759344	
73.5	12.2663	17.5	0.645952 0.0518168	0.489676 0.142085	-0.723966 0.0730022	
74.5	11.3689	16.5	0.634086 0.0503704	-0.626437 0.0957939	-0.643157 0.081581	
75.5	10.2166	15	0.60578 0.0416717	-0.716048 0.0558983	-0.670422 0.0488696	
76.5	9.04933	13.5	0.425644 0.181915	-0.758231 0.109751	-0.680351 0.0667063	
77.5	8.24322	12.5	0.529063 0.0914747	-0.622779 0.0983724	-0.744752 0.0543428	
78.5	7.55578	11.5	-0.440566 0.171458	0.406518 0.215278	-0.565066 0.0924491	
79.5	6.74383	10.5	-0.481016 0.125135	-0.424 0.221078	-0.715489 0.0554089	
80.5	nan	9.5	nan nan	nan nan	nan nan	
81.5	nan	9	nan nan	nan nan	nan nan	
82.5	nan	8.5	nan nan	nan nan	nan nan	
83.5	nan	7.5	nan nan	nan nan	nan nan	
84.5	nan	6.5	nan nan	nan nan	nan nan	
85.5	nan	6	nan nan	nan nan	nan nan	
86.5	nan	5.5	nan nan	nan nan	nan nan	
87.5	nan	5	nan nan	nan nan	nan nan	
88.5	nan	4.5	nan nan	nan nan	nan nan	
89.5	nan	4	nan nan	nan nan	nan nan	
90.5	nan	3.5	nan nan	nan nan	nan nan	
91.5	nan	3	nan nan	nan nan	nan nan	
92.5	nan	3	nan nan	nan nan	nan nan	
93.5	nan	2.5	nan nan	nan nan	nan nan	
94.5	nan	2	nan nan	nan nan	nan nan	
95.5	nan	2	nan nan	nan nan	nan nan	
96.5	nan	2	nan nan	nan nan	nan nan	
97.5	nan	1.5	nan nan	nan nan	nan nan	
98.5	nan	1	nan nan	nan nan	nan nan	
99.5	nan	0	nan nan	nan nan	nan nan	
