Cent%	 dNdy	 Npart	 v1{4}^4 err	 v2{4}^4 err	 v3{4}^4 err	 v4{4}^4 err 	 v5{4}^4 err 	 v6{4}^4 err
0.5	243.395	77.5	-2.3567e-07 1.00102e-07	1.41183e-06 7.22842e-07	-1.00104e-07 1.24843e-07	-5.5565e-09 7.87575e-09	5.65256e-10 2.73533e-10	-6.95457e-11 4.93713e-11	
1.5	216.681	74	-2.05315e-07 6.38718e-08	6.23037e-08 7.61263e-07	2.24088e-07 1.13598e-07	1.05433e-08 4.73114e-09	-6.15138e-10 5.80056e-10	1.32703e-11 2.41189e-11	
2.5	204.763	72.5	-8.94331e-08 3.86707e-08	-5.51742e-08 9.17339e-07	1.54437e-08 1.35638e-07	2.90949e-09 4.01094e-09	4.63815e-10 2.57526e-10	-1.43623e-10 1.01391e-10	
3.5	195.218	71	-1.49556e-07 5.44197e-08	1.05659e-06 6.89845e-07	-1.17212e-09 1.63319e-07	2.62645e-09 5.4963e-09	5.14211e-11 1.90887e-10	-1.58054e-10 6.39101e-11	
4.5	185.493	69	-1.87213e-07 6.99898e-08	6.39832e-07 1.08091e-06	2.78191e-07 1.21826e-07	1.25885e-08 4.25253e-09	1.73888e-10 2.21366e-10	-9.23969e-11 4.19777e-11	
5.5	181.632	67.5	-1.0171e-07 3.32179e-08	-5.09755e-07 1.17554e-06	7.81255e-08 1.42403e-07	1.29028e-08 4.55867e-09	-3.31272e-10 4.88597e-10	-3.00742e-11 4.01118e-11	
6.5	173.921	66	-2.26677e-07 5.68777e-08	-1.11229e-06 1.23389e-06	1.80582e-07 1.14255e-07	6.36477e-09 6.44338e-09	-6.02346e-11 3.09688e-10	-1.91962e-10 7.99904e-11	
7.5	168.126	64.5	-1.31554e-07 4.02483e-08	-1.04231e-06 1.99112e-06	-8.15043e-08 1.68662e-07	9.96223e-09 4.88232e-09	-1.23685e-09 8.35938e-10	-7.74234e-11 3.42249e-11	
8.5	163.401	63	-3.19461e-07 6.74765e-08	1.99838e-06 1.14022e-06	2.36661e-07 1.17539e-07	-8.0632e-09 6.11768e-09	5.39434e-12 2.64804e-10	-1.39367e-10 9.55118e-11	
9.5	156.22	61	-1.8817e-07 9.70138e-08	2.58657e-06 1.15424e-06	1.92008e-07 1.21703e-07	2.05267e-09 4.48327e-09	-7.90042e-10 6.38169e-10	-2.59754e-11 3.53199e-11	
10.5	153.381	59.5	-4.30311e-07 1.81209e-07	3.9963e-06 1.06818e-06	3.13676e-07 1.11013e-07	1.03949e-08 4.2299e-09	2.91306e-10 2.10745e-10	-4.7179e-11 3.68309e-11	
11.5	146.86	58	-2.88345e-07 1.11671e-07	-3.78291e-07 2.2094e-06	5.21158e-07 1.33797e-07	8.11315e-09 3.25382e-09	-1.38025e-10 4.12907e-10	-9.38305e-11 4.70206e-11	
12.5	140.439	56.5	-4.10665e-07 1.61116e-07	2.56751e-06 1.10122e-06	4.14193e-07 1.18714e-07	2.65978e-09 4.83868e-09	-5.57781e-10 3.47638e-10	-5.83178e-11 3.74073e-11	
13.5	135.711	55	-3.41999e-07 1.16484e-07	1.71107e-06 1.39229e-06	3.15397e-07 1.47743e-07	3.03204e-10 4.89139e-09	-5.30282e-10 3.85449e-10	-1.54047e-10 8.00336e-11	
14.5	130.368	53.5	-3.1498e-07 2.14311e-07	2.98262e-06 1.37596e-06	2.0333e-07 8.30117e-08	6.90504e-09 4.16346e-09	-8.24277e-11 3.36038e-10	-2.05601e-11 2.43112e-11	
15.5	126.435	52	-1.39216e-07 4.24162e-08	1.41949e-06 2.02543e-06	-1.54959e-07 1.46131e-07	-6.62754e-09 6.17683e-09	-2.42359e-11 2.42535e-10	-6.78196e-11 5.06484e-11	
16.5	122.468	50.5	-6.07013e-07 2.49393e-07	1.20084e-06 2.13913e-06	3.66016e-07 1.21825e-07	-6.32305e-09 7.84641e-09	-1.96098e-10 3.30537e-10	-2.50469e-10 1.53454e-10	
17.5	117.45	49	-2.44258e-07 6.84279e-08	-2.09878e-06 2.5368e-06	2.09867e-07 1.1933e-07	-4.95801e-09 8.03359e-09	-7.15665e-10 3.59479e-10	-9.71374e-11 7.07026e-11	
18.5	113.412	47.5	-3.06822e-07 9.5779e-08	1.52447e-06 2.58114e-06	2.58617e-07 1.0734e-07	-6.48194e-09 9.39622e-09	-7.86512e-10 6.36673e-10	-3.71983e-11 3.04566e-11	
19.5	109.92	46.5	-2.35007e-07 6.71928e-08	2.77523e-06 2.30748e-06	1.89605e-07 1.4208e-07	-1.23835e-08 9.09007e-09	-7.32631e-10 6.25502e-10	-6.38654e-11 4.40401e-11	
20.5	105.395	45	-2.75416e-07 5.39944e-08	3.63343e-06 2.2934e-06	3.51342e-07 1.16312e-07	-1.6892e-09 5.85032e-09	6.83673e-12 2.66555e-10	-1.44002e-10 8.22946e-11	
21.5	101.313	43.5	-3.99685e-07 1.18469e-07	4.08628e-06 1.90725e-06	-5.35211e-08 1.5685e-07	-3.57862e-09 5.29364e-09	1.1631e-10 2.53042e-10	3.08282e-12 2.05466e-11	
22.5	98.3867	42.5	-3.4894e-07 8.27243e-08	9.34452e-06 2.04497e-06	5.18418e-07 1.00409e-07	-1.13431e-08 6.20369e-09	3.73981e-10 3.55335e-10	-1.17845e-10 7.54362e-11	
23.5	95.5188	41	-3.121e-07 7.81947e-08	4.23912e-06 2.85158e-06	3.08987e-07 8.29954e-08	-1.53275e-08 1.13173e-08	-8.54861e-10 4.25484e-10	-4.95451e-11 3.22409e-11	
24.5	91.6415	39.5	-6.42999e-07 3.34634e-07	6.3291e-07 2.91947e-06	2.54675e-07 1.11878e-07	1.63719e-09 4.71436e-09	-4.6779e-10 4.61442e-10	-1.10381e-10 8.8801e-11	
25.5	87.5398	38.5	-5.35496e-07 1.77734e-07	6.02891e-06 2.9722e-06	1.64153e-07 8.82313e-08	-6.942e-09 1.07757e-08	-5.64807e-11 3.83772e-10	-4.1821e-11 3.57774e-11	
26.5	84.6635	37.5	-7.68355e-07 3.09007e-07	1.3377e-05 3.22795e-06	3.19744e-07 7.88338e-08	-4.16754e-09 8.70843e-09	-1.45308e-09 7.26927e-10	-4.41006e-10 3.22915e-10	
27.5	80.6609	36.5	-2.54635e-07 9.95052e-08	4.46797e-06 3.14972e-06	1.65005e-07 1.38852e-07	-1.49564e-08 6.57764e-09	1.9328e-10 2.44555e-10	-9.62357e-11 4.63727e-11	
28.5	78.3433	35.5	-2.93394e-07 9.10416e-08	1.09918e-05 2.63007e-06	1.91955e-07 6.98469e-08	-4.08221e-09 4.54392e-09	-2.28648e-10 3.59887e-10	-6.20606e-11 4.84737e-11	
29.5	75.2744	34	-6.65978e-07 1.80538e-07	7.85029e-06 3.5549e-06	1.17826e-07 9.08005e-08	-2.89673e-08 1.32171e-08	2.53652e-10 2.96979e-10	-4.62187e-10 2.34477e-10	
30.5	73.3791	32.5	-5.53215e-07 1.4069e-07	1.10382e-05 2.84168e-06	1.2102e-07 7.49048e-08	-1.9735e-08 9.33047e-09	1.12262e-10 2.44387e-10	-2.39391e-10 1.09827e-10	
31.5	70.0113	31.5	-5.26886e-07 2.13443e-07	9.40601e-06 2.32296e-06	1.06899e-07 7.22499e-08	-9.03004e-09 4.41571e-09	-3.32092e-10 3.08914e-10	-9.43118e-11 4.645e-11	
32.5	67.2941	30.5	-7.28512e-07 2.52354e-07	9.01592e-06 3.45079e-06	1.40485e-07 6.56757e-08	-1.31894e-08 8.33951e-09	-2.56283e-10 4.55802e-10	-1.96451e-10 7.81818e-11	
33.5	64.4857	29.5	-3.49815e-07 1.19279e-07	9.43849e-06 3.41558e-06	5.49738e-08 5.70387e-08	-5.40766e-09 6.38835e-09	-1.81145e-10 2.1703e-10	-9.10137e-11 4.42347e-11	
34.5	62.3203	28.5	-4.59727e-07 1.11792e-07	1.24569e-05 2.89111e-06	1.67256e-07 5.26132e-08	-1.45828e-08 5.75126e-09	-7.42969e-10 5.09992e-10	-1.1402e-10 4.04812e-11	
35.5	59.8953	27.5	-3.33983e-07 8.76529e-08	9.88434e-06 3.13047e-06	-5.22337e-08 5.77248e-08	-2.26033e-08 8.02942e-09	1.12362e-10 1.47674e-10	-9.89009e-11 3.14862e-11	
36.5	57.0291	26.5	-6.52285e-07 2.244e-07	1.3185e-05 3.32465e-06	6.34081e-08 4.38206e-08	-2.49258e-08 7.80697e-09	1.92604e-10 2.26238e-10	-1.34513e-10 5.18095e-11	
37.5	54.3925	26	-4.19661e-07 1.20457e-07	1.85436e-05 3.59429e-06	1.44594e-07 4.06525e-08	-1.99242e-08 8.40896e-09	3.56063e-10 1.40166e-10	-2.32722e-10 9.85032e-11	
38.5	52.8243	25.5	-4.81096e-07 1.25527e-07	8.96762e-06 2.57119e-06	2.41703e-08 3.67637e-08	-1.8612e-08 6.34238e-09	-3.04289e-10 4.22434e-10	-1.06704e-10 3.19195e-11	
39.5	52.124	24.5	-1.78574e-07 5.22578e-08	7.65548e-06 3.5509e-06	1.65259e-08 3.27054e-08	-2.50316e-08 1.14874e-08	-3.02803e-10 2.70224e-10	-1.22923e-10 4.9582e-11	
40.5	49.3724	23.5	-4.76581e-07 1.37897e-07	9.087e-06 3.26281e-06	5.52347e-08 4.67228e-08	-1.66281e-08 6.40815e-09	-2.26771e-10 1.65646e-10	-2.07113e-10 6.2329e-11	
41.5	47.3815	22.5	-5.05148e-07 1.27557e-07	1.0151e-05 3.38949e-06	2.27721e-08 2.90684e-08	-4.66074e-08 1.91205e-08	-1.27093e-10 2.17743e-10	-2.07294e-10 8.65885e-11	
42.5	44.917	21.5	-3.9179e-07 9.13751e-08	1.14218e-05 2.63127e-06	-8.69204e-09 3.62495e-08	-2.28618e-08 8.90341e-09	-3.91427e-10 2.21254e-10	-9.53395e-11 2.69473e-11	
43.5	42.7305	21	-1.72924e-07 5.69691e-08	8.84937e-06 3.82159e-06	-1.3636e-08 3.1836e-08	-2.66982e-08 7.2462e-09	-9.99913e-11 1.29199e-10	-7.89157e-11 2.16841e-11	
44.5	41.8764	20.5	-6.31247e-07 1.77866e-07	9.31799e-06 2.98036e-06	-2.4852e-08 2.46166e-08	-3.36654e-08 1.04892e-08	-4.94222e-11 1.13443e-10	-1.78782e-10 8.76155e-11	
45.5	39.1724	19.5	-2.27079e-07 5.08337e-08	1.07469e-05 3.11402e-06	-1.94962e-08 2.25832e-08	-1.93628e-08 5.9628e-09	-4.50908e-10 1.94581e-10	-1.14364e-10 3.94853e-11	
46.5	37.8848	18.5	-1.70701e-07 3.62697e-08	1.04974e-05 3.3807e-06	1.07364e-08 1.76721e-08	-2.75356e-08 9.22615e-09	-1.06186e-10 8.8658e-11	-3.88026e-11 1.10443e-11	
47.5	36.3526	18	-2.58083e-07 9.39213e-08	8.46237e-06 2.8016e-06	-4.07601e-08 2.28773e-08	-2.8038e-08 7.07892e-09	-2.54624e-10 1.01392e-10	-6.29291e-11 1.48149e-11	
48.5	34.9574	17.5	-2.61387e-07 8.53778e-08	1.22448e-05 3.27027e-06	-5.8357e-09 1.94479e-08	-1.19056e-08 7.24866e-09	7.54352e-11 6.84362e-11	-1.21249e-10 4.73841e-11	
49.5	33.4259	16.5	-1.34189e-07 5.53317e-08	5.74734e-06 2.25692e-06	-2.7518e-08 1.68892e-08	-1.50396e-08 4.33607e-09	-1.86772e-10 1.27726e-10	-3.72716e-11 1.33638e-11	
50.5	32.0935	16	-2.48218e-07 9.62976e-08	1.0242e-05 2.77737e-06	-7.3757e-09 1.73916e-08	-1.00057e-08 3.53032e-09	-3.23999e-10 1.46716e-10	-7.66854e-11 2.1902e-11	
51.5	30.4819	15.5	-2.16242e-07 6.61717e-08	6.24945e-06 3.15399e-06	-3.08977e-08 1.57049e-08	-2.56927e-08 6.10577e-09	-1.65682e-10 7.70182e-11	-4.96673e-11 1.43453e-11	
52.5	28.5049	14.5	-1.7426e-07 5.11573e-08	8.61866e-06 2.39298e-06	-3.60684e-08 1.53536e-08	-1.15454e-08 3.38669e-09	-6.53436e-11 4.79058e-11	-3.5241e-11 9.65428e-12	
53.5	27.2231	14	-8.65445e-08 2.4992e-08	6.57501e-06 2.77514e-06	-1.07778e-08 1.11777e-08	-2.37422e-08 6.65669e-09	-1.42247e-10 6.84084e-11	-7.32272e-11 2.15314e-11	
54.5	26.6077	13.5	-1.24265e-07 3.37606e-08	-1.69231e-07 2.21918e-06	-2.6554e-08 1.48761e-08	-1.55139e-08 3.9923e-09	-1.74545e-10 8.25348e-11	-4.39304e-11 1.23319e-11	
55.5	24.8346	13	-1.1449e-07 3.45544e-08	3.88802e-06 2.34925e-06	-3.64361e-08 1.26983e-08	-1.66538e-08 3.04237e-09	-1.55454e-10 4.69304e-11	-3.28376e-11 1.05016e-11	
56.5	23.7011	12.5	-1.1739e-07 5.34917e-08	6.30266e-06 2.30895e-06	-2.73299e-08 1.35143e-08	-1.35185e-08 3.24772e-09	-9.40075e-11 5.209e-11	-3.50303e-11 1.01868e-11	
57.5	22.4432	12	-9.27492e-08 2.82867e-08	3.98849e-06 2.42696e-06	-6.42528e-09 7.70392e-09	-1.29571e-08 4.09224e-09	-7.67466e-11 4.2966e-11	-1.80696e-11 7.07939e-12	
58.5	21.6996	11.5	-7.95859e-08 2.62006e-08	5.04539e-06 2.39575e-06	-1.41638e-08 6.94267e-09	-1.57514e-08 3.64102e-09	-1.49902e-10 4.87103e-11	-3.35998e-11 9.34363e-12	
59.5	20.7852	11	-6.97289e-08 1.47561e-08	-1.26355e-06 1.48404e-06	-1.31164e-08 5.69031e-09	-1.61261e-08 2.42861e-09	-4.79377e-11 1.42058e-11	-2.91706e-11 7.08578e-12	
60.5	19.5594	10.5	-8.05771e-08 1.79292e-08	-9.37237e-07 1.51229e-06	-2.31444e-08 7.46574e-09	-1.75218e-08 3.58029e-09	-7.58334e-11 1.7567e-11	-3.03421e-11 8.58748e-12	
61.5	18.8833	10	-3.57537e-08 9.94419e-09	-2.49928e-06 1.0146e-06	-1.02473e-08 3.83531e-09	-9.34541e-09 1.86005e-09	-1.04631e-10 2.1279e-11	-9.91757e-12 3.17949e-12	
62.5	17.435	9.5	-5.08785e-08 1.3048e-08	-3.50631e-06 1.80991e-06	-1.24053e-08 7.31319e-09	-1.72948e-08 3.35334e-09	-8.71211e-11 2.55072e-11	-1.69295e-11 3.57256e-12	
63.5	16.7762	9	-8.62683e-08 2.13039e-08	-4.9156e-06 1.20735e-06	-1.92124e-08 5.60061e-09	-1.69751e-08 3.44819e-09	-8.45397e-11 2.28368e-11	-1.48915e-11 3.53783e-12	
64.5	15.6577	9	-5.62282e-08 1.84728e-08	-4.51706e-06 1.17353e-06	-1.4517e-08 5.5266e-09	-1.1001e-08 1.93643e-09	-8.12425e-11 3.952e-11	-1.19106e-11 2.78694e-12	
65.5	14.8497	8.5	-5.18453e-08 1.58071e-08	-3.34757e-06 1.07613e-06	-7.4891e-09 2.19623e-09	-7.91071e-09 2.59499e-09	-8.76807e-11 2.17391e-11	-1.10578e-11 2.87569e-12	
66.5	14.0573	8	-6.95094e-08 2.07869e-08	-4.7218e-06 9.05798e-07	-1.3289e-08 3.00784e-09	-8.32186e-09 1.64301e-09	-3.27431e-11 7.88995e-12	-6.74597e-12 1.73364e-12	
67.5	13.1555	8	-3.37032e-08 9.01344e-09	-6.55426e-06 9.95346e-07	-1.42801e-08 3.90167e-09	-5.73486e-09 1.31429e-09	-3.4716e-11 1.02331e-11	-8.80898e-12 3.54917e-12	
68.5	12.3704	7.5	-3.35472e-08 1.15291e-08	-5.71956e-06 8.05732e-07	-1.38729e-08 3.8981e-09	-6.45905e-09 1.1206e-09	-3.15962e-11 9.5509e-12	-4.0566e-12 1.02178e-12	
69.5	11.6351	7	-2.76896e-08 7.74345e-09	-4.15734e-06 6.77287e-07	-1.24123e-08 3.40061e-09	-5.11922e-09 1.17387e-09	-2.39311e-11 1.02519e-11	-6.59032e-12 2.04858e-12	
70.5	11.0455	7	-5.70026e-08 1.80928e-08	-5.61458e-06 8.46673e-07	-9.15499e-09 1.79066e-09	-4.2679e-09 8.54774e-10	-4.75444e-11 1.45579e-11	-3.13292e-12 7.16939e-13	
71.5	10.3058	6.5	-5.7547e-08 1.84984e-08	-4.24942e-06 6.26248e-07	-6.58196e-09 1.21254e-09	-3.05473e-09 7.01137e-10	-2.40424e-11 1.19024e-11	-5.75464e-12 3.69088e-12	
72.5	9.55294	6	-2.9736e-08 8.08493e-09	-3.28356e-06 4.59012e-07	-8.03042e-09 1.63751e-09	-2.45816e-09 4.36205e-10	-1.10949e-11 3.22426e-12	-1.32754e-12 3.12238e-13	
73.5	8.85423	6	-3.05192e-08 8.42991e-09	-4.2324e-06 5.4026e-07	-6.14189e-09 1.28268e-09	-2.3552e-09 4.91018e-10	-1.20037e-11 5.60554e-12	-1.56307e-12 4.26607e-13	
74.5	8.39308	5.5	-5.29643e-08 1.59843e-08	-4.59817e-06 5.12672e-07	-6.87928e-09 1.19473e-09	-2.59769e-09 4.74624e-10	-8.30347e-12 4.56105e-12	-1.59933e-12 3.07854e-13	
75.5	7.74491	5	-3.30301e-08 1.61122e-08	-4.25801e-06 6.42927e-07	-3.73683e-09 6.65425e-10	-1.49033e-09 3.45327e-10	-2.01603e-12 5.33991e-13	-6.49523e-13 1.40246e-13	
76.5	7.19523	5	-3.11375e-08 1.01725e-08	-3.54076e-06 5.09311e-07	-2.29504e-09 4.29532e-10	-1.07753e-09 2.56554e-10	-8.40869e-12 4.58001e-12	-7.17334e-13 2.09942e-13	
77.5	6.736	5	-2.8105e-08 9.23281e-09	-3.57359e-06 4.60608e-07	-3.24473e-09 6.73125e-10	-7.48148e-10 1.59131e-10	-4.22037e-12 2.46555e-12	-5.60851e-13 1.5392e-13	
78.5	6.25956	4.5	-1.91642e-08 6.00039e-09	-2.46554e-06 2.96054e-07	-2.30305e-09 4.37616e-10	-3.91922e-10 9.47424e-11	-1.24229e-12 5.34334e-13	-3.30052e-13 6.38203e-14	
79.5	5.76417	4	-3.08306e-08 9.60017e-09	-2.78067e-06 3.83853e-07	-1.88454e-09 4.37859e-10	-3.32005e-10 8.20616e-11	-6.62917e-13 2.43543e-13	-2.51438e-13 5.17053e-14	
80.5	5.31796	4	-1.6303e-08 5.33021e-09	-1.98842e-06 3.26204e-07	-2.45914e-09 5.59428e-10	-1.5155e-10 3.31936e-11	-1.12907e-12 4.1398e-13	-1.97052e-13 5.17661e-14	
81.5	4.86412	4	-1.35501e-08 4.06255e-09	-1.66422e-06 2.44248e-07	-1.02661e-09 1.97473e-10	-1.10581e-10 2.57533e-11	-1.01353e-13 2.16141e-14	-1.67942e-13 3.5796e-14	
82.5	4.46141	4	-1.01433e-08 2.71361e-09	-1.43774e-06 2.56407e-07	-6.61957e-10 1.41532e-10	-3.89151e-11 9.78534e-12	-9.89007e-14 2.92223e-14	-1.25772e-13 2.52697e-14	
83.5	4.07392	3.5	-8.19314e-09 1.37708e-09	-1.37453e-06 1.92358e-07	-3.66857e-10 9.22532e-11	-3.49696e-11 8.52759e-12	-6.13431e-14 3.20818e-14	-1.13855e-13 2.4164e-14	
84.5	3.73875	3	-4.55844e-09 9.50791e-10	-1.09656e-06 2.20427e-07	-3.36129e-10 9.21621e-11	-1.02691e-11 3.0917e-12	-3.26984e-14 9.30158e-15	-4.87778e-14 1.08491e-14	
85.5	3.40477	3	-7.37641e-09 1.74002e-09	-7.06992e-07 1.42341e-07	-2.63084e-10 7.02709e-11	-7.46172e-12 2.56588e-12	-4.48656e-14 1.07232e-14	-3.38222e-14 6.46538e-15	
86.5	3.06049	3	-2.03443e-09 5.36283e-10	-5.9236e-07 1.18818e-07	-1.48503e-10 4.96615e-11	-3.80153e-12 1.35241e-12	-2.45877e-14 1.27945e-14	-3.90624e-14 9.21075e-15	
87.5	2.72456	3	-1.6181e-09 3.15567e-10	-6.3803e-07 1.08838e-07	-5.88768e-11 1.31259e-11	-1.331e-12 5.43652e-13	-6.06438e-15 2.44192e-15	-1.62967e-14 4.44137e-15	
88.5	2.46946	2.5	-1.25678e-09 2.90675e-10	-3.41713e-07 7.62018e-08	-4.34865e-11 1.30515e-11	-2.50818e-13 1.03758e-13	-3.04209e-15 1.03498e-15	-5.41947e-15 1.78693e-15	
89.5	2.17627	2	-5.11474e-10 1.08682e-10	-2.69237e-07 5.86222e-08	-2.38983e-11 6.49358e-12	-4.50061e-14 2.40436e-14	-1.21117e-15 2.84952e-16	-2.89912e-15 9.85701e-16	
90.5	1.89894	2	-1.80784e-10 3.67271e-11	-2.31525e-07 4.4442e-08	-4.08736e-12 8.78134e-13	-1.93046e-14 8.14164e-15	-4.30174e-16 9.14147e-17	-2.00767e-15 5.64719e-16	
91.5	1.65278	2	-7.34333e-11 1.29467e-11	-1.50579e-07 2.48685e-08	-3.91517e-12 9.4099e-13	-3.67278e-15 8.35943e-16	-3.57936e-16 8.00617e-17	-3.89269e-16 9.82474e-17	
92.5	1.40252	2	-2.04232e-11 4.1767e-12	-8.10199e-08 1.4973e-08	-4.28895e-13 1.05946e-13	-1.43645e-15 3.31572e-16	-2.64875e-16 7.62433e-17	-8.42345e-17 2.10405e-17	
93.5	1.18734	2	-3.39534e-12 8.45222e-13	-3.05583e-08 8.08319e-09	-7.5664e-14 2.76462e-14	-6.21292e-16 1.61814e-16	-8.3364e-17 3.60438e-17	-1.94496e-17 5.67814e-18	
94.5	0.969473	2	-7.16869e-13 2.364e-13	-1.02588e-08 2.97576e-09	-2.88506e-15 8.32258e-16	-3.69897e-16 1.36763e-16	-2.26258e-17 8.47172e-18	-1.83088e-17 6.38816e-18	
95.5	0.760575	2	-1.642e-13 5.30798e-14	-7.26026e-09 1.70859e-09	-1.96442e-15 7.47788e-16	-3.1645e-16 1.38628e-16	-8.76015e-18 2.81513e-18	-2.00084e-17 9.81846e-18	
96.5	0.561243	2	-1.72227e-14 8.02595e-15	-5.8667e-10 1.95832e-10	-4.61622e-15 1.45715e-15	-4.07427e-16 1.94421e-16	-3.27167e-18 1.54201e-18	-7.92215e-19 4.19825e-19	
97.5	0.384281	2	-4.29331e-15 1.08345e-15	-5.25758e-11 1.91298e-11	-4.28866e-15 1.29069e-15	-6.67046e-18 2.47537e-18	-7.46029e-19 4.95484e-19	-5.715e-20 2.01323e-20	
98.5	0.19303	2	-3.27613e-14 1.41864e-14	-4.28036e-12 2.18194e-12	-6.49567e-17 3.17987e-17	-8.75005e-18 6.39989e-18	-4.89307e-21 3.38862e-21	-1.35562e-21 7.94193e-22	
99.5	0.0491761	0	-1.48359e-14 1.15235e-14	-9.89938e-20 4.33129e-20	-3.22826e-22 9.89007e-23	-1.08812e-22 4.05662e-23	-5.77084e-23 1.98412e-23	-3.15136e-23 1.50677e-23	
