Cent%	 dNdy	 Npart	 v2{4}/v2{2} err	 v3{4}/v3{2} err	 v4{4}/v4{2} err
0.5	367.805	381.5	0.680735 0.0435191	0.318616 0.503306	0.4211 0.242229	
1.5	345.932	365.5	-0.268139 0.809243	0.116473 2.31974	0.353057 0.367831	
2.5	330.542	354.5	-0.529168 0.219308	0.390263 0.293479	0.39625 0.26824	
3.5	317.166	343.5	0.224263 1.20181	0.335647 0.438181	-0.585435 0.114927	
4.5	304.617	333	0.497047 0.152505	-0.574414 0.123088	-0.334613 0.475626	
5.5	292.919	322.5	0.569152 0.0869304	0.428419 0.242829	0.674158 0.0477599	
6.5	280.808	312	0.700425 0.0401006	0.41511 0.235061	0.572366 0.0965038	
7.5	270.727	302	0.571141 0.105702	-0.473319 0.17941	0.548488 0.105548	
8.5	260.232	292.5	0.749247 0.0270023	-0.461832 0.408558	-0.28716 0.721277	
9.5	250.843	283	0.748323 0.0274952	0.0900752 2.91843	-0.342467 0.528338	
10.5	241.248	273.5	0.734692 0.0327386	0.525757 0.125502	0.514237 0.188518	
11.5	232.139	265	0.783498 0.0248929	0.658085 0.0494594	-0.316992 0.518146	
12.5	223.692	256.5	0.779232 0.0232628	0.626663 0.0790209	0.488142 0.130975	
13.5	215.093	248	0.789218 0.0193433	-0.130007 2.02724	-0.732468 0.0762121	
14.5	206.948	240	0.774657 0.0252452	0.383328 0.306363	0.605891 0.0672051	
15.5	199.378	232	0.733917 0.0274136	-0.302506 0.658925	0.500339 0.129804	
16.5	192.244	224	0.795902 0.0211572	0.542072 0.102525	0.530959 0.116795	
17.5	184.874	216.5	0.844101 0.0133024	-0.6328 0.115766	-0.380335 0.399549	
18.5	178.383	209.5	0.808842 0.0207959	0.583007 0.0768591	0.504049 0.139753	
19.5	171.548	202.5	0.819435 0.0159132	0.418224 0.228823	0.532884 0.111859	
20.5	165.101	195.5	0.819891 0.0164503	0.516151 0.142296	-0.483498 0.203979	
21.5	158.6	188.5	0.849621 0.0127522	0.347371 0.391527	0.54688 0.100136	
22.5	152.689	182	0.834929 0.0143062	0.601082 0.06764	0.551472 0.0934166	
23.5	146.597	176	0.820234 0.0178228	-0.582473 0.144635	0.327849 0.465772	
24.5	141.192	170	0.822671 0.0153147	0.448895 0.195599	-0.539686 0.150116	
25.5	135.747	164	0.831122 0.0177117	0.552501 0.114313	-0.283805 0.720345	
26.5	130.283	158	0.815412 0.0172839	0.489747 0.166655	-0.566204 0.131128	
27.5	125.145	152	0.848778 0.0133242	-0.272477 0.811004	0.561213 0.0885891	
28.5	120.291	146.5	0.838574 0.014528	0.224311 1.20173	-0.302003 0.640128	
29.5	115.219	141.5	0.807337 0.0188399	-0.563041 0.167518	0.389753 0.316127	
30.5	110.242	136	0.837767 0.0148618	0.374838 0.385396	-0.276254 0.801758	
31.5	106.056	130.5	0.839107 0.0135213	0.4645 0.195252	-0.398851 0.440698	
32.5	101.419	126	0.802814 0.0189705	0.606902 0.0760487	-0.51026 0.283303	
33.5	97.2484	121.5	0.79463 0.0223497	-0.583897 0.12078	-0.632828 0.16038	
34.5	93.2998	116.5	0.8225 0.0160427	0.450034 0.19164	-0.734266 0.103132	
35.5	88.9135	112	0.826677 0.0168298	0.524883 0.112954	-0.444476 0.321137	
36.5	85.4122	107.5	0.829566 0.0166204	0.553944 0.0950871	0.348673 0.382007	
37.5	81.3808	103	0.821665 0.0139602	0.361047 0.314284	-0.652 0.0889945	
38.5	77.8225	99	0.809688 0.0207411	-0.452765 0.351023	-0.70179 0.106539	
39.5	74.385	95	0.817234 0.0166497	0.410702 0.238895	-0.76187 0.0818559	
40.5	71.0572	91	0.789969 0.0200075	0.60448 0.066509	-0.699062 0.10253	
41.5	67.9782	87	0.820848 0.0179805	0.538255 0.105619	-0.787533 0.0785612	
42.5	64.3778	83	0.802531 0.0200667	0.517065 0.110691	-0.682003 0.126353	
43.5	61.3959	79.5	0.783094 0.0221155	0.438373 0.225857	-0.655785 0.0899107	
44.5	58.4296	76	0.782235 0.0233006	-0.495427 0.292628	-0.821348 0.0622147	
45.5	55.5157	72.5	0.77757 0.0218978	0.329792 0.438474	-0.823356 0.0507876	
46.5	52.7993	69.5	0.774249 0.0247327	0.507958 0.138694	-0.811883 0.0740631	
47.5	49.9868	66.5	0.813096 0.0166529	0.61838 0.063925	-0.839351 0.11537	
48.5	47.4533	63.5	0.802632 0.0188472	0.511587 0.143846	-0.78113 0.127939	
49.5	45.3036	60.5	0.742867 0.0283831	-0.479683 0.213549	-0.767691 0.0670618	
50.5	42.7279	57.5	0.711656 0.039161	-0.657818 0.102794	-0.987722 0.0626277	
51.5	40.5886	54.5	0.745181 0.0285364	0.510678 0.118367	-0.91727 0.0720055	
52.5	38.1032	51.5	0.738131 0.0282204	-0.530362 0.143798	-0.947825 0.0781721	
53.5	35.7739	49	0.701841 0.0363483	-0.583767 0.11315	-1.00718 0.05832	
54.5	34.2041	46.5	0.745718 0.0257916	0.218709 1.22084	-0.951859 0.0715595	
55.5	31.9677	44	0.727752 0.0289751	-0.592238 0.185686	-0.938409 0.0604633	
56.5	30.193	42	0.711313 0.0383219	-0.355437 0.409084	-0.965206 0.0535364	
57.5	28.2317	39.5	0.718575 0.0342813	0.277806 0.800775	-0.958197 0.0654169	
58.5	26.6862	37	0.750087 0.0281665	-0.508844 0.158197	-0.941127 0.0476644	
59.5	24.9607	35	0.70843 0.0336903	-0.729603 0.0628051	-0.872367 0.0460253	
60.5	23.4533	33	0.706605 0.0342421	-0.728215 0.0755101	-0.931988 0.0545666	
61.5	21.9187	31.5	0.750451 0.027536	-0.668549 0.0817447	-0.94157 0.0518512	
62.5	20.4602	30	0.61024 0.0581994	-0.519281 0.219579	-0.961546 0.0422121	
63.5	19.012	28	0.720475 0.0316717	-0.706409 0.0716435	-0.825027 0.0642843	
64.5	17.7312	26	0.680079 0.0404222	-0.617432 0.164372	-0.978108 0.0413226	
65.5	16.4923	24.5	0.683817 0.0437878	-0.517723 0.161404	-0.945047 0.044025	
66.5	15.3251	23	0.621082 0.0556956	-0.666733 0.0717772	-0.981412 0.037272	
67.5	14.1783	21.5	0.656609 0.049545	-0.70193 0.09602	-0.997427 0.0422744	
68.5	13.1793	20	0.666318 0.042293	-0.638527 0.0846428	-1.02768 0.0560379	
69.5	12.0896	18.5	0.66405 0.0482661	-0.736201 0.0616558	-1.10968 0.0570168	
70.5	11.2014	17.5	0.628484 0.0560034	-0.740637 0.0688338	-1.05437 0.0433193	
71.5	10.3582	16.5	-0.40465 0.287834	-0.796172 0.0522823	-1.11112 0.0556339	
72.5	9.45825	15.5	0.352788 0.368318	-0.828432 0.0538757	-1.10561 0.0379698	
73.5	8.67306	14.5	0.244797 1.46676	-0.796052 0.0473553	-1.21526 0.0390298	
74.5	7.90895	13.5	-0.495202 0.142439	-0.849442 0.0560337	-1.20078 0.03975	
75.5	7.21476	12.5	-0.625608 0.0813089	-0.848673 0.0493081	-1.26736 0.0504998	
76.5	6.57323	11.5	-0.636573 0.0730015	-0.942525 0.0381064	-1.21315 0.0354815	
77.5	5.95007	10.5	-0.768483 0.0517177	-0.976705 0.0431458	-1.3768 0.0591142	
78.5	5.38058	9.5	-0.820722 0.0467693	-0.979711 0.0479003	-1.30145 0.044932	
79.5	4.89626	9	-0.856975 0.0432026	-1.05617 0.0361999	-1.39622 0.0401871	
80.5	4.42096	8.5	-0.904843 0.0395413	-1.04199 0.0367669	-1.3645 0.0484254	
81.5	3.94546	7.5	-0.896473 0.038022	-1.09422 0.0364764	-1.36917 0.0492766	
82.5	3.58676	7	-0.909498 0.0424303	-1.12244 0.0383659	-1.344 0.0657852	
83.5	3.18999	6.5	-1.03605 0.033229	-1.20204 0.0440558	-1.4612 0.0765097	
84.5	2.84187	6	-1.0128 0.0347523	-1.12976 0.048568	-1.42189 0.058505	
85.5	2.5191	5.5	-1.08028 0.0329991	-1.20577 0.0394937	-1.54638 0.116797	
86.5	2.21848	5	-1.06018 0.0344312	-1.24589 0.0381658	-1.48623 0.0929822	
87.5	1.94866	4.5	-1.05475 0.0369217	-1.24546 0.0377563	-1.04505 0.0434953	
88.5	1.69084	4	-1.05678 0.0364984	-1.21067 0.0434026	-0.964706 0.0372844	
89.5	1.46869	4	-1.11476 0.0339276	-1.29974 0.0469377	-1.02354 0.0359731	
90.5	1.25875	3.5	-1.19853 0.0367154	-1.33051 0.0420041	-1.14069 0.0418284	
91.5	1.06056	3	-1.21781 0.0389868	-1.24027 0.0464385	-1.26239 0.0447102	
92.5	0.877042	2.5	-1.29051 0.0398894	-1.46645 0.0617695	-1.49487 0.0558436	
93.5	0.715522	2	-1.49163 0.0483167	-1.79047 0.104667	-1.87145 0.062752	
94.5	0.55671	2	-1.46646 0.0474633	-1.57799 0.048228	-1.95283 0.0702584	
95.5	0.40909	2	-1.62277 0.0525778	-1.66846 0.0554053	-1.99334 0.0732621	
96.5	0.279757	2	-1.79512 0.0656265	-1.76121 0.0617049	-1.98042 0.105899	
97.5	0.160607	2	-2.5475 0.147287	-1.39343 0.14883	-1.25079 0.153148	
98.5	0.0538206	2	-1.56785 0.130321	-0.863927 0.0755233	-1.03562 0.101105	
99.5	nan	0	nan nan	nan nan	nan nan	
