Cent%	 dNdy	 Npart	 gamma2 err 	 k12 err 	 k22 err	 gamma3 err 	 k13 err 	 k23 err
0.5	323.48	381.5	0.198676 0.00010689	0.200705 0.000857946	-0.123332 0.0907245	0.123585 3.85457e-06	0.123918 0.000859815	-0.0148234 0.0463698	
1.5	304.447	365.5	0.201968 6.86125e-05	0.204472 0.000242681	-0.105727 0.0072858	0.120744 0.000229891	0.127435 0.000677091	-0.286428 0.0240612	
2.5	290.396	354.5	0.197382 8.64412e-05	0.197673 0.000264278	-0.0109687 0.00723518	0.120205 7.83177e-05	0.115961 0.00232629	0.1779 0.0934	
3.5	278.585	343.5	0.195667 5.6359e-05	0.187469 0.00020636	0.261677 0.00247411	0.121133 7.78582e-05	0.121871 0.000226319	-0.0255341 0.0177703	
4.5	266.953	333	0.192888 1.2669e-05	0.187986 4.77431e-05	0.12298 0.00116915	0.115598 6.52983e-05	0.119332 0.000224437	-0.116242 0.00571568	
5.5	256.063	322.5	0.189761 2.05865e-05	0.183691 7.49057e-05	0.131758 5.44299e-05	0.116074 7.1928e-05	0.113634 0.000148748	0.0757717 0.000316387	
6.5	245.624	312	0.18532 0.000313894	0.180588 0.104585	0.0967002 0.694355	0.112743 0.000161042	0.11174 4.61841e-05	0.0305028 0.0107913	
7.5	236.461	302	0.187021 5.90109e-05	0.178844 0.00630358	0.145795 0.0841402	0.111316 7.222e-05	0.113845 0.000267483	-0.0672098 0.00891042	
8.5	227.468	292.5	0.179547 2.87537e-05	0.173835 0.000444006	0.1004 0.0147499	0.107758 1.2929e-05	0.105664 2.10993e-05	0.0400743 0.0028161	
9.5	218.627	283	0.183847 7.77045e-05	0.173433 0.000705141	0.151768 0.0161802	0.107411 4.80727e-05	0.110479 0.000137769	-0.0768934 0.00255303	
10.5	209.987	273.5	0.181946 0.00015246	0.175279 0.000332348	0.0797019 0.0117532	0.109001 5.47503e-05	0.107857 0.00174001	0.0268571 0.0401103	
11.5	202.072	265	0.177368 3.03383e-05	0.167814 0.00106267	0.117648 0.0193265	0.105809 2.96301e-05	0.107415 7.23156e-05	-0.04031 0.00721768	
12.5	194.26	256.5	0.178873 3.09297e-06	0.165836 0.000102204	0.139078 0.00399899	0.105295 4.78071e-05	0.105291 0.000170399	8.82894e-05 0.00298143	
13.5	186.825	248	0.176975 7.0269e-05	0.166706 0.00104382	0.110661 0.0164133	0.104505 4.72187e-05	0.108465 2.92605e-05	-0.0769485 0.00484504	
14.5	179.503	240	0.176773 1.23438e-07	0.168353 1.28235e-05	0.0856103 0.000518588	0.104251 9.75927e-06	0.104164 2.71239e-05	0.00153532 0.000190514	
15.5	172.767	232	0.180074 7.23768e-05	0.164941 0.00140775	0.133967 0.0151416	0.0963888 6.53778e-05	0.095694 0.000232524	0.0119379 0.00496333	
16.5	166.364	224	0.175948 2.82892e-06	0.159694 0.00125263	0.142259 0.015524	0.10068 5.43465e-05	0.103075 0.00016201	-0.0403574 0.00178894	
17.5	160.156	216.5	0.175356 3.79052e-06	0.16685 0.000693956	0.070346 0.0108415	0.0958282 8.35252e-05	0.0959202 0.000212664	-0.00134769 0.00299199	
18.5	154.023	209.5	0.176012 0.00017917	0.160897 0.00600304	0.115986 0.0364016	0.0965597 1.24657e-05	0.101658 0.00120276	-0.0923164 0.0219971	
19.5	148.064	202.5	0.17324 0.000155957	0.158259 0.00141161	0.113906 0.0135381	0.0897271 4.94667e-06	0.0921417 0.0143503	-0.039539 0.109701	
20.5	142.43	195.5	0.173557 3.03143e-05	0.158992 0.00254732	0.100542 0.019503	0.0912674 7.26185e-05	0.0989563 0.000250175	-0.107692 0.00381675	
21.5	136.56	188.5	0.169601 2.33851e-05	0.150813 0.00055499	0.127132 0.0073559	0.0932841 1.56101e-05	0.0900319 9.08074e-05	0.0451253 0.00383287	
22.5	131.404	182	0.170233 0.000130294	0.156175 0.00109137	0.0880716 0.00955654	0.089372 0.00011951	0.0905168 0.000364275	-0.0163732 0.00370528	
23.5	126.202	176	0.169884 0.000111422	0.154681 0.00670355	0.0947281 0.0315075	0.0865769 0.000122421	0.0850833 0.00068157	0.019574 0.00939203	
24.5	121.475	170	0.166861 2.56815e-05	0.155688 0.000137873	0.0648408 0.000659623	0.0850293 4.17372e-05	0.0863108 0.000136983	-0.0162987 0.00116532	
25.5	116.666	164	0.165962 4.54651e-05	0.143682 0.00188872	0.128879 0.0137524	0.0834247 6.92973e-05	0.0938077 0.00202348	-0.127332 0.023613	
26.5	111.902	158	0.166501 6.27436e-05	0.137551 0.000324154	0.156574 0.00335429	0.0817812 0.000270943	0.0904546 0.000624214	-0.109454 0.0124467	
27.5	107.255	152	0.166375 3.21119e-05	0.144727 0.000197087	0.111227 0.00268379	0.0785559 0.000160617	0.0832798 0.000965886	-0.0576649 0.012215	
28.5	103.123	146.5	0.164668 4.77955e-05	0.14109 0.000113439	0.114258 0.00151869	0.0790395 2.77028e-05	0.0864062 0.00035417	-0.0784631 0.00531401	
29.5	98.9382	141.5	0.164778 0.000116086	0.138889 0.00146	0.124481 0.00938025	0.0787645 0.000150065	0.0745956 0.000210713	0.0458076 0.000862402	
30.5	94.5964	136	0.161773 5.85983e-05	0.143359 0.00239229	0.0863239 0.0137823	0.0800009 0.000212368	0.0777165 0.00121339	0.0243338 0.0143779	
31.5	90.6952	130.5	0.160173 0.000219715	0.141057 0.0238763	0.0864141 0.062717	0.0752544 1.91613e-05	0.0778755 2.51817e-05	-0.0226987 0.00120308	
32.5	86.9725	126	0.157488 0.000158696	0.134547 0.00408209	0.102621 0.0171294	0.0768169 3.19208e-05	0.0763315 0.000114361	0.00446124 0.000793962	
33.5	83.1223	121.5	0.159066 4.09296e-05	0.132508 0.000301405	0.106549 0.00336259	0.0730343 2.48675e-05	0.0775112 0.000130623	-0.0417263 0.00176284	
34.5	79.6369	116.5	0.154097 9.43502e-05	0.129172 0.00117653	0.103635 0.00686706	0.0685531 2.74107e-05	0.0718779 0.00184389	-0.0304803 0.0146721	
35.5	76.0275	112	0.159456 0.00021838	0.130379 0.00830083	0.116946 0.0245922	0.0724048 0.000125196	0.0746077 0.000481173	-0.0210304 0.00485406	
36.5	72.9307	107.5	0.156986 6.31914e-05	0.134793 0.000487616	0.0817646 0.00404831	0.0694366 6.09252e-05	0.0751582 0.00147708	-0.0439313 0.0103205	
37.5	69.3972	103	0.153416 0.000187087	0.126866 0.00448587	0.0999141 0.0160784	0.0667468 3.01108e-05	0.0701868 9.8982e-05	-0.0263331 0.000527987	
38.5	66.2531	99	0.156998 2.0429e-05	0.127065 0.00324923	0.108109 0.0127431	0.0652325 0.000148053	0.0719445 0.00109707	-0.0556103 0.00730594	
39.5	63.3317	95	0.151059 0.00014577	0.118436 0.000892726	0.121387 0.00619665	0.063298 0.000241905	0.0676714 3.05249e-05	-0.0312716 0.00250961	
40.5	60.3051	91	0.150774 0.000135721	0.120111 0.00288387	0.107461 0.0107797	0.0581592 0.000333277	0.0709005 0.000862834	-0.0916969 0.00808998	
41.5	57.6947	87	0.148207 3.60426e-05	0.120227 0.000970928	0.0928727 0.0052118	0.0559491 2.1024e-06	0.0611911 0.000225027	-0.0342093 0.00219576	
42.5	54.7753	83	0.146527 4.85207e-05	0.121711 0.000784223	0.0873207 0.00455965	0.0566799 0.000231014	0.0565076 0.000280213	0.00120307 0.000594447	
43.5	52.0679	79.5	0.143717 2.25745e-05	0.116579 6.10167e-05	0.0876135 0.000380677	0.0575455 1.5653e-05	0.0647898 5.17285e-05	-0.0444976 0.000217467	
44.5	49.5962	76	0.140938 0.000259051	0.113504 0.0026365	0.090317 0.00941008	0.0556719 0.00013802	0.0600678 0.0029143	-0.0259582 0.0114471	
45.5	47.1312	72.5	0.145501 0.000130124	0.112616 0.00201685	0.0974228 0.00708247	0.0562058 0.000319351	0.0622798 0.00106231	-0.0393706 0.00533129	
46.5	44.7348	69.5	0.138414 0.0002128	0.108257 0.00328051	0.0918341 0.0106234	0.0537105 2.81735e-05	0.0628305 0.000146131	-0.0527467 0.000896672	
47.5	42.4334	66.5	0.141184 0.000228106	0.109486 0.00716178	0.0936187 0.0182665	0.0518167 0.000147481	0.0537419 0.00011088	-0.0127052 0.00116173	
48.5	40.1969	63.5	0.1416 0.000199348	0.10438 0.00138765	0.107854 0.00523278	0.0514027 0.000122497	0.0493445 0.00267919	0.0131715 0.0106275	
49.5	38.1346	60.5	0.131893 0.000125399	0.0974656 0.00369457	0.0945499 0.0104891	0.0437299 6.25283e-05	0.04745 8.42188e-05	-0.020428 0.000250421	
50.5	36.0442	57.5	0.13017 1.23035e-05	0.103733 6.74379e-06	0.0733969 0.00043197	0.040683 0.000133683	0.0432592 0.000727247	-0.0128211 0.00327484	
51.5	34.1748	54.5	0.128048 4.63189e-05	0.0850958 0.00167376	0.125456 0.00611012	0.0426181 2.2279e-05	0.0550637 0.000130063	-0.0620056 0.000693387	
52.5	32.0715	51.5	0.128384 2.71543e-05	0.104632 0.00720842	0.0650088 0.0158816	0.0425169 6.38723e-06	0.0523602 3.14454e-05	-0.0450108 0.000110815	
53.5	30.203	49	0.125496 2.28329e-05	0.085904 6.02444e-06	0.104927 0.000586903	0.0376792 3.4124e-06	0.0492217 1.10651e-05	-0.0519589 3.54805e-05	
54.5	28.611	46.5	0.122983 8.73337e-05	0.0852399 0.000452638	0.0969669 0.00128132	0.0322833 0.000244826	0.0473386 0.000779481	-0.0704481 0.00260584	
55.5	26.8468	44	0.119908 0.000148511	0.0899984 0.000247804	0.0791914 0.00123951	0.0361232 0.000139979	0.0479035 0.000322407	-0.0597536 0.000769994	
56.5	25.2786	42	0.111187 0.000349228	0.0656749 0.00441224	0.118507 0.00994304	0.0293265 1.87443e-05	0.0424237 0.000337372	-0.0571916 0.00178639	
57.5	23.6746	39.5	0.118052 0.000104454	0.0945479 0.00295847	0.0564325 0.00771549	0.0321667 3.09266e-05	0.0465877 0.000165159	-0.0616755 0.000581757	
58.5	22.3576	37	0.115451 0.000128058	0.0905795 0.0101705	0.060558 0.0186844	0.0278962 3.76244e-05	0.037572 0.000148282	-0.0406392 0.000460308	
59.5	20.9598	35	0.103835 9.10224e-05	0.0822839 0.0013733	0.051903 0.0046817	0.027536 3.48641e-05	0.0320913 0.000163829	-0.0187886 0.000533318	
60.5	19.5605	33	0.100457 0.000218433	0.103227 0.00910045	-0.00675442 0.0164188	0.0250845 3.90363e-06	0.0362831 3.80082e-05	-0.0442653 0.000204232	
61.5	18.3077	31.5	0.10352 1.55618e-05	0.0940084 0.00020601	0.0222986 0.00145834	0.0270725 1.86387e-05	0.034719 4.6062e-05	-0.0296669 9.56091e-05	
62.5	17.1105	30	0.0901413 0.000192626	0.0722547 0.00990788	0.0424836 0.01623	0.0203453 2.06743e-05	0.0305418 7.21085e-06	-0.0396671 0.000125844	
63.5	15.9749	28	0.0913361 1.15835e-05	0.0907669 0.00503811	0.00127321 0.00952578	0.0182419 1.12091e-05	0.025187 5.85447e-05	-0.0267633 0.000195521	
64.5	14.8253	26	0.0863722 0.000155428	0.0952174 0.00105415	-0.0199713 0.00206781	0.0168885 5.87243e-05	0.0269371 0.00118803	-0.036397 0.00277693	
65.5	13.7483	24.5	0.086403 0.000273066	0.0904574 0.00176363	-0.00879804 0.00483631	0.0173394 3.03952e-05	0.0288364 4.26876e-05	-0.048213 1.54785e-05	
66.5	12.8128	23	0.0789913 0.000186236	0.0787802 0.00120875	0.000441438 0.0026473	0.0126299 0.000100765	0.0251453 0.000853263	-0.0444481 0.00272314	
67.5	11.8537	21.5	0.0776063 2.03009e-05	0.0841878 0.00408522	-0.0146172 0.00769441	0.0149864 2.32286e-06	0.0207538 8.87299e-06	-0.0219307 4.8984e-05	
68.5	10.9802	20	0.078829 4.83751e-05	0.107508 0.000232727	-0.0584965 0.000304581	0.0155588 6.0345e-05	0.0232667 0.000188897	-0.0293923 0.000481469	
69.5	10.0996	18.5	0.0737041 0.000564208	0.0970334 0.00523743	-0.0499983 0.010584	0.0131298 8.09841e-06	0.0223986 1.11166e-05	-0.0335271 2.17583e-05	
70.5	9.33371	17.5	0.064212 0.000161714	0.100656 0.000761764	-0.0747648 0.00105886	0.0111471 9.41031e-06	0.0223 8.69522e-05	-0.0381215 0.000272518	
71.5	8.55556	16.5	0.0502613 8.9763e-05	0.083237 0.000211076	-0.0629727 3.64698e-05	0.0101329 0.000103161	0.0196556 0.000219868	-0.0302056 0.000356831	
72.5	7.88631	15.5	0.0568086 7.80499e-06	0.0942296 0.00404334	-0.0729724 0.00633351	0.00931188 9.95183e-05	0.0171879 6.17337e-05	-0.0260041 0.000170844	
73.5	7.25294	14.5	0.0507684 0.000124755	0.0803658 0.000928958	-0.059466 0.00196299	0.00677603 2.0391e-05	0.0131111 0.000183295	-0.0203929 0.000480351	
74.5	6.59674	13.5	0.0511029 1.07785e-05	0.0851955 9.74361e-05	-0.0668288 0.00016776	0.00773663 4.69229e-05	0.0159583 7.19963e-05	-0.0265348 6.14154e-05	
75.5	6.04955	12.5	0.0522734 0.000234031	0.115156 0.000556116	-0.122109 0.000381823	0.00652267 1.34145e-05	0.0177221 5.95629e-05	-0.0339048 0.000126818	
76.5	5.50572	11.5	0.0505177 2.16268e-11	0.107481 1.80968e-10	-0.111619 3.14146e-10	0.00505676 5.03051e-13	0.0140989 2.37863e-12	-0.0278509 5.77293e-12	
77.5	4.99813	10.5	0.0415554 2.7378e-06	0.099025 0.000355252	-0.110742 0.000729922	0.00478781 1.80039e-05	0.0120436 5.31946e-05	-0.0254889 0.000136414	
78.5	4.54881	9.5	0.0424776 0.000201698	0.0935208 0.0012718	-0.0991107 0.00238003	0.00427263 5.48444e-05	0.0107124 0.000228197	-0.0207871 0.000456616	
79.5	4.14137	9	0.0347347 0.000143735	0.0951587 0.000499602	-0.110714 0.000637431	0.00311526 3.90157e-06	0.0107589 1.1398e-05	-0.0231446 2.56774e-05	
80.5	3.74621	8.5	0.0355946 7.80556e-06	0.0918533 0.000233648	-0.106964 0.000400482	0.0037282 3.77952e-06	0.0101334 2.05172e-05	-0.0190875 4.4538e-05	
81.5	3.36984	7.5	0.0336198 4.42907e-05	0.0907466 0.000945859	-0.107245 0.00190843	0.0018655 1.15003e-05	0.00669975 6.37149e-05	-0.0131653 0.000129233	
82.5	3.06169	7	0.0336525 0.000270745	0.10094 0.00239236	-0.127387 0.00336588	0.00290937 2.99478e-05	0.0085691 0.000110549	-0.0169396 0.000243576	
83.5	2.74429	6.5	0.0263146 6.32454e-05	0.0859188 0.000138189	-0.107281 0.000179565	0.00193441 1.01819e-05	0.00637622 3.39728e-05	-0.011816 6.627e-05	
84.5	2.46243	6	0.0270945 3.11268e-05	0.0856558 6.38218e-05	-0.109618 0.000127595	0.00176682 8.21015e-06	0.00616013 1.98259e-05	-0.0127419 4.14742e-05	
85.5	2.18802	5.5	0.0220055 0.000105941	0.0734232 0.000183023	-0.0973957 0.000646032	0.00115398 1.80412e-05	0.00365395 2.94652e-05	-0.00722927 4.30264e-05	
86.5	1.95471	5	0.0209331 0.000160553	0.0801316 0.0010088	-0.107337 0.00157445	0.00070175 2.22264e-05	0.00300397 0.00010397	-0.00584937 0.000178173	
87.5	1.72454	4.5	0.0209966 1.25119e-10	0.0691094 7.12338e-10	-0.0903452 1.13121e-09	0.000663885 3.40405e-13	0.00257652 1.2023e-12	-0.00575373 2.59811e-12	
88.5	1.52072	4	0.0217776 8.3877e-05	0.0754691 0.000215862	-0.104169 0.000321451	0.000751009 5.83571e-07	0.0026058 1.87578e-06	-0.00515641 3.81977e-06	
89.5	1.33178	4	0.022956 1.1183e-09	0.0786874 4.35715e-09	-0.10801 6.88591e-09	0.000442922 1.57961e-11	0.00134315 5.05228e-11	-0.00271969 1.04323e-10	
90.5	1.14705	3.5	0.0201728 0.000258857	0.0713163 0.00124659	-0.0970744 0.00195435	0.000257009 5.23705e-06	0.00107414 2.31999e-05	-0.00214017 4.57007e-05	
91.5	0.979013	3	0.0171228 0.000211823	0.0645191 0.00348959	-0.0910297 0.00518764	5.3066e-05 9.75198e-06	0.000353787 1.89354e-06	-0.000900525 3.72766e-05	
92.5	0.823228	2.5	0.016245 2.46239e-09	0.0540343 1.30458e-07	-0.0770334 2.12039e-07	-0.000273214 8.34761e-12	-0.000615403 3.38974e-11	0.00110729 8.32437e-11	
93.5	0.685371	2	0.00938379 0.000186596	0.0472122 0.00127343	-0.0669047 0.00192858	-0.000256471 7.90736e-06	-0.00100531 4.75785e-05	0.00177576 9.12262e-05	
94.5	0.533742	2	0.00664777 1.86869e-10	0.0307837 4.76558e-09	-0.0439219 7.16611e-09	-0.000282937 1.38473e-11	-0.000894475 5.5449e-11	0.00153859 1.04694e-10	
95.5	0.397467	2	0.00421969 9.65726e-08	0.0205642 1.64682e-06	-0.0284934 2.38938e-06	-0.000237132 6.29067e-10	-0.000966271 3.2273e-09	0.00175975 6.2301e-09	
96.5	0.279649	2	0.00218675 2.4347e-10	0.012922 2.01725e-09	-0.0203241 3.20454e-09	-0.000289314 1.40519e-10	-0.000948857 5.29374e-10	0.00177463 1.04635e-09	
97.5	0.167943	2	0.000523373 4.20761e-08	0.00359267 3.01681e-07	-0.00557586 4.52795e-07	-2.63493e-05 1.45638e-09	-9.43596e-05 6.44521e-09	0.000132004 9.68168e-09	
98.5	0.0607819	2	0.000362959 5.86922e-08	0.000911196 1.87312e-07	-0.00911825 2.06701e-06	-6.70496e-06 3.05264e-09	-4.59935e-05 1.59634e-08	0.00126366 4.15273e-07	
99.5	0.00156271	0	-8.68601e-05 1.39372e-05	-0.000184209 5.09372e-05	0.132166 0.0462554	-0.000277082 0.000299017	0.000902403 0.00246907	-2631.7 6080.84	
