Cent%	 dNdy	 Npart	 v1{2} err	 v2{2} err	 v3{2} err	 v4{2} err 	 v5{2} err 	 v6{2} err
0.5	323.48	381.5	0.00418651 0.000181461	 0.0200962 0.000513201	 0.0141062 0.000396121	 0.00671312 0.000179857	 0.00313443 9.04372e-05	 0.00130405 4.31602e-05	 
1.5	304.447	365.5	0.00380859 0.000182092	 0.0234741 0.00065714	 0.0140616 0.000386116	 0.00705849 0.000206613	 0.0029782 8.54771e-05	 0.0012518 3.97815e-05	 
2.5	290.396	354.5	0.00414653 0.000166377	 0.0240069 0.000652707	 0.0145573 0.000410195	 0.00730518 0.000204204	 0.0031991 8.22256e-05	 0.00124452 3.75523e-05	 
3.5	278.585	343.5	0.00408346 0.000155188	 0.0273196 0.000779834	 0.0154888 0.000463779	 0.00709571 0.000224987	 0.00301789 9.47566e-05	 0.00136891 4.01464e-05	 
4.5	266.953	333	0.00440242 0.00015294	 0.0304442 0.00079706	 0.0160654 0.000432245	 0.0077587 0.000215646	 0.00318983 9.41491e-05	 0.00143685 3.92834e-05	 
5.5	256.063	322.5	0.00438303 0.00018669	 0.0315467 0.000876973	 0.0159895 0.000484318	 0.00752223 0.000210587	 0.00320568 9.93907e-05	 0.00133225 4.54753e-05	 
6.5	245.624	312	0.0044458 0.000183828	 0.032583 0.000826723	 0.0162438 0.000449552	 0.00720208 0.000179811	 0.00320102 0.000104026	 0.00134477 3.80274e-05	 
7.5	236.461	302	0.00503093 0.000236806	 0.0350593 0.000949988	 0.0167755 0.000483847	 0.00807048 0.00022163	 0.00338405 9.29921e-05	 0.00146201 4.17643e-05	 
8.5	227.468	292.5	0.00513871 0.000256635	 0.035347 0.000835747	 0.0181273 0.00056773	 0.00795941 0.000229498	 0.00340093 9.96989e-05	 0.00147707 4.34948e-05	 
9.5	218.627	283	0.00499213 0.0002172	 0.0404676 0.000918077	 0.0169668 0.000463764	 0.00862189 0.000248747	 0.00342314 9.62183e-05	 0.00151641 6.21941e-05	 
10.5	209.987	273.5	0.00521378 0.000207242	 0.0437072 0.000980102	 0.0176436 0.000493408	 0.00777065 0.000190685	 0.00339353 0.000104615	 0.00141117 4.34703e-05	 
11.5	202.072	265	0.00502546 0.000214444	 0.0432197 0.000955871	 0.0172288 0.000454112	 0.00819345 0.000228861	 0.00352965 0.000103102	 0.00154483 4.67643e-05	 
12.5	194.26	256.5	0.00529087 0.000284891	 0.0472962 0.00100278	 0.0181441 0.000501595	 0.00879219 0.000248054	 0.00343935 9.30289e-05	 0.00169573 5.48028e-05	 
13.5	186.825	248	0.0050328 0.000222974	 0.0455122 0.00106771	 0.0182939 0.000525517	 0.00902759 0.000309001	 0.00359555 0.00010999	 0.00159135 5.39895e-05	 
14.5	179.503	240	0.00504815 0.000199284	 0.0479768 0.00103388	 0.0196815 0.000544209	 0.00895998 0.000250375	 0.00372326 0.000104857	 0.0016965 5.39266e-05	 
15.5	172.767	232	0.00510766 0.000206785	 0.0505621 0.00116398	 0.0186833 0.000505408	 0.00889281 0.000229238	 0.00367504 0.000105372	 0.00165184 5.20619e-05	 
16.5	166.364	224	0.00583442 0.000327881	 0.0519784 0.00108513	 0.0194009 0.000542119	 0.00878472 0.000233776	 0.00386235 0.000124247	 0.00169672 4.98309e-05	 
17.5	160.156	216.5	0.0056662 0.000239139	 0.0538523 0.00102943	 0.0190838 0.000582898	 0.00955311 0.00028394	 0.00377829 0.000117764	 0.00174822 5.12191e-05	 
18.5	154.023	209.5	0.00561614 0.000251052	 0.0552421 0.00118224	 0.0192069 0.000506969	 0.0085767 0.000252221	 0.00386127 0.000118808	 0.00164041 4.85068e-05	 
19.5	148.064	202.5	0.00601798 0.000356088	 0.055169 0.001139	 0.0190573 0.000514315	 0.00936089 0.000260082	 0.00388467 0.000112115	 0.00175172 5.40788e-05	 
20.5	142.43	195.5	0.00559759 0.000254185	 0.0579345 0.00117267	 0.0193787 0.000526683	 0.00949642 0.000279389	 0.00386962 0.000105227	 0.00172922 5.1014e-05	 
21.5	136.56	188.5	0.00567914 0.000241632	 0.0583447 0.00111808	 0.0203773 0.000579058	 0.00932947 0.000254616	 0.0041443 0.000110646	 0.00182862 5.52272e-05	 
22.5	131.404	182	0.00695311 0.000341519	 0.0605368 0.0011636	 0.0194483 0.000522195	 0.00910604 0.000255778	 0.00412888 0.000109243	 0.00181107 5.21261e-05	 
23.5	126.202	176	0.00587152 0.000263097	 0.0598253 0.00117325	 0.0196895 0.00055753	 0.00936978 0.000263283	 0.00391349 0.000107393	 0.00185737 5.46385e-05	 
24.5	121.475	170	0.006565 0.000278192	 0.0607563 0.0012556	 0.0197274 0.000538718	 0.00917832 0.000275104	 0.00403673 0.000119433	 0.00173913 5.26976e-05	 
25.5	116.666	164	0.00698363 0.000462634	 0.0617335 0.00135323	 0.0207861 0.000546996	 0.00935035 0.000291787	 0.00406308 0.000121368	 0.00185849 5.91119e-05	 
26.5	111.902	158	0.00653518 0.000357262	 0.0633465 0.0014438	 0.0205245 0.000552835	 0.00937192 0.000279739	 0.00429265 0.000133409	 0.00186774 5.98626e-05	 
27.5	107.255	152	0.00767453 0.000500735	 0.0659593 0.00141922	 0.0196482 0.000564187	 0.00956364 0.000273592	 0.00408714 0.000130065	 0.00183486 6.52742e-05	 
28.5	103.123	146.5	0.00721051 0.000429176	 0.0671536 0.00138314	 0.0210748 0.0006199	 0.00986497 0.000299013	 0.00421011 0.000134571	 0.0019459 6.21421e-05	 
29.5	98.9382	141.5	0.00748518 0.000472298	 0.0672852 0.00141345	 0.0202801 0.000646699	 0.010133 0.000274084	 0.0041101 0.000130038	 0.00214879 7.75904e-05	 
30.5	94.5964	136	0.00655969 0.000339237	 0.0667953 0.00142265	 0.0208782 0.000609602	 0.00963371 0.000312153	 0.00416103 0.000124011	 0.00188617 6.16829e-05	 
31.5	90.6952	130.5	0.00780715 0.000541977	 0.0675356 0.00141484	 0.0213754 0.000606593	 0.0103714 0.000322393	 0.00403004 0.000119614	 0.00200953 7.24808e-05	 
32.5	86.9725	126	0.00736549 0.000452816	 0.0671584 0.00141491	 0.023196 0.000628128	 0.00981672 0.000304042	 0.00447591 0.00013413	 0.00195573 5.97289e-05	 
33.5	83.1223	121.5	0.00743695 0.000465205	 0.0713472 0.00160716	 0.0213648 0.00061758	 0.0102673 0.000331797	 0.00433057 0.000138819	 0.00193831 6.6753e-05	 
34.5	79.6369	116.5	0.00801974 0.000388032	 0.0689681 0.00142764	 0.0206676 0.000560611	 0.0101434 0.000299713	 0.00420249 0.000123884	 0.00202269 6.43602e-05	 
35.5	76.0275	112	0.00752839 0.000383854	 0.0716767 0.00155034	 0.0214195 0.000573636	 0.010104 0.000311437	 0.00446648 0.00014013	 0.00201764 6.33568e-05	 
36.5	72.9307	107.5	0.00949779 0.000776812	 0.0730148 0.0016059	 0.0222201 0.000567946	 0.0107213 0.000313322	 0.00464017 0.000164521	 0.00200849 6.89917e-05	 
37.5	69.3972	103	0.00721507 0.000364867	 0.0715946 0.0015013	 0.0214712 0.00058855	 0.0098961 0.000314205	 0.00411255 0.000129849	 0.00195703 6.7453e-05	 
38.5	66.2531	99	0.00843292 0.000440936	 0.074639 0.00161671	 0.0209194 0.000556186	 0.0102417 0.000314082	 0.00419552 0.000137939	 0.00204376 6.33559e-05	 
39.5	63.3317	95	0.00818736 0.000526123	 0.071608 0.00163772	 0.0212417 0.00063003	 0.0101791 0.000351703	 0.00409189 0.000155202	 0.00207521 7.67636e-05	 
40.5	60.3051	91	0.00854358 0.000549062	 0.0735355 0.00163792	 0.0209012 0.000573703	 0.00995028 0.000280919	 0.00439022 0.000142869	 0.00202717 6.39838e-05	 
41.5	57.6947	87	0.00941526 0.000631792	 0.0750262 0.00168385	 0.0204963 0.000548028	 0.0102918 0.000385858	 0.00413651 0.000129173	 0.00203713 8.58458e-05	 
42.5	54.7753	83	0.00824932 0.000499272	 0.0722016 0.00155269	 0.0207232 0.00055243	 0.00992383 0.000332618	 0.00423218 0.000165252	 0.00199107 7.19887e-05	 
43.5	52.0679	79.5	0.00867191 0.000462466	 0.0741352 0.00167408	 0.0217937 0.000622497	 0.0104905 0.000336708	 0.00450788 0.000167402	 0.00210009 8.61668e-05	 
44.5	49.5962	76	0.0100689 0.000709736	 0.0726193 0.0017056	 0.0219768 0.000686906	 0.0101323 0.000364406	 0.00420555 0.000142253	 0.00185038 6.84338e-05	 
45.5	47.1312	72.5	0.0104307 0.000708306	 0.0774254 0.00172141	 0.0209954 0.000560744	 0.0104599 0.000356388	 0.00437492 0.000138562	 0.00203614 6.62963e-05	 
46.5	44.7348	69.5	0.0109428 0.000795454	 0.074189 0.00172215	 0.0218745 0.000610217	 0.00979952 0.000329757	 0.00437841 0.000152747	 0.00185343 7.36534e-05	 
47.5	42.4334	66.5	0.00981036 0.000674036	 0.076737 0.00176016	 0.0206644 0.000571886	 0.0101262 0.000415426	 0.00422917 0.000159856	 0.00189 0.000101243	 
48.5	40.1969	63.5	0.00935325 0.000573231	 0.0761143 0.00185178	 0.0210739 0.000606905	 0.0102427 0.000372249	 0.00422716 0.000134041	 0.00191966 7.61196e-05	 
49.5	38.1346	60.5	0.0107193 0.000803434	 0.0756701 0.00176913	 0.0207397 0.000558745	 0.0104749 0.000348757	 0.00420689 0.000166972	 0.00189779 6.46208e-05	 
50.5	36.0442	57.5	0.00994736 0.000568392	 0.0745347 0.00187195	 0.0202794 0.000701634	 0.00944332 0.00035615	 0.00387963 0.000134143	 0.0017633 5.64465e-05	 
51.5	34.1748	54.5	0.0110445 0.000607177	 0.0714472 0.0016892	 0.0198436 0.000554708	 0.00907115 0.000339794	 0.003808 0.000124961	 0.00174265 6.3883e-05	 
52.5	32.0715	51.5	0.0104917 0.000838152	 0.0741618 0.00174675	 0.0210587 0.000638629	 0.00960666 0.000375664	 0.00393584 0.000137532	 0.00176991 6.92589e-05	 
53.5	30.203	49	0.0111389 0.000670675	 0.0747941 0.00187661	 0.0192648 0.000579638	 0.0096575 0.000442101	 0.00379297 0.000143121	 0.00184601 7.82388e-05	 
54.5	28.611	46.5	0.0134288 0.00117058	 0.0742686 0.00178245	 0.0191169 0.000552683	 0.00943271 0.000370384	 0.00397037 0.000156041	 0.00179885 8.33651e-05	 
55.5	26.8468	44	0.0127549 0.00088838	 0.0730092 0.00178635	 0.0187382 0.000508948	 0.00938737 0.000371405	 0.00387487 0.000132437	 0.00172012 7.50724e-05	 
56.5	25.2786	42	0.0113794 0.000727428	 0.0707431 0.00184329	 0.0175442 0.000493563	 0.00863315 0.000339964	 0.00356557 0.000132081	 0.00156071 5.65907e-05	 
57.5	23.6746	39.5	0.0121643 0.000854086	 0.0754132 0.00194503	 0.0188959 0.000558386	 0.00997036 0.000426236	 0.00371203 0.000139089	 0.00173531 8.64587e-05	 
58.5	22.3576	37	0.0113665 0.000780929	 0.0739636 0.00182619	 0.0173964 0.000549216	 0.00972142 0.000383541	 0.00351955 0.000117798	 0.00171777 7.56445e-05	 
59.5	20.9598	35	0.0117009 0.00062026	 0.0694944 0.00164256	 0.0178839 0.000559818	 0.00880813 0.000325191	 0.00338227 0.000124869	 0.00156811 5.6486e-05	 
60.5	19.5605	33	0.0135671 0.000808035	 0.0679878 0.00171357	 0.0166786 0.00054777	 0.00891767 0.000369769	 0.00311332 0.000125309	 0.0015162 6.19803e-05	 
61.5	18.3077	31.5	0.0132828 0.00106891	 0.0714225 0.00171789	 0.01685 0.000516848	 0.00885247 0.000361625	 0.00308409 0.00012654	 0.0016338 6.70893e-05	 
62.5	17.1105	30	0.0140476 0.00112132	 0.0656251 0.00174945	 0.016125 0.000477734	 0.00805938 0.00030949	 0.00299201 0.000109092	 0.00145799 5.28238e-05	 
63.5	15.9749	28	0.0155275 0.00154698	 0.0672157 0.00172018	 0.0152275 0.000532026	 0.00749267 0.000304274	 0.00291435 0.000128053	 0.00132974 4.71513e-05	 
64.5	14.8253	26	0.014248 0.00108897	 0.0648141 0.00169057	 0.0143852 0.000445166	 0.00813647 0.000336643	 0.00279807 0.000106384	 0.00146171 6.11362e-05	 
65.5	13.7483	24.5	0.0150795 0.00167103	 0.0634349 0.00171261	 0.0139172 0.000432281	 0.00709963 0.000283015	 0.00257855 9.83495e-05	 0.00120373 4.46725e-05	 
66.5	12.8128	23	0.0163345 0.00142262	 0.0647108 0.00179573	 0.0128168 0.000409789	 0.00768719 0.000330964	 0.00265754 9.49209e-05	 0.00132722 5.25478e-05	 
67.5	11.8537	21.5	0.0146286 0.00114243	 0.0620788 0.00160991	 0.0124576 0.000420798	 0.00720405 0.000323102	 0.00235292 8.64985e-05	 0.00136114 6.00024e-05	 
68.5	10.9802	20	0.0145943 0.00168959	 0.0637923 0.00165714	 0.0126909 0.000407805	 0.0069704 0.000297645	 0.00235562 0.000103574	 0.00125472 5.3383e-05	 
69.5	10.0996	18.5	0.0168586 0.00155787	 0.0609603 0.00181154	 0.0115614 0.000411542	 0.00705877 0.000354066	 0.0022981 0.00011611	 0.00129963 5.49173e-05	 
70.5	9.33371	17.5	0.0183548 0.0017082	 0.0580976 0.00164381	 0.0110389 0.000385074	 0.00637098 0.000296845	 0.00201857 7.72246e-05	 0.00123172 4.81721e-05	 
71.5	8.55556	16.5	0.01829 0.00206333	 0.0545958 0.00166619	 0.0103445 0.000351841	 0.00579683 0.000269892	 0.00197105 8.25943e-05	 0.00111231 3.93235e-05	 
72.5	7.88631	15.5	0.017 0.00183762	 0.054962 0.00170312	 0.00994463 0.000363123	 0.00574256 0.000257966	 0.00183246 7.95083e-05	 0.00110707 4.31451e-05	 
73.5	7.25294	14.5	0.0187743 0.00194813	 0.0502945 0.00151866	 0.00862595 0.000311874	 0.00503629 0.000262154	 0.00160112 7.21582e-05	 0.00107874 4.17656e-05	 
74.5	6.59674	13.5	0.0180238 0.00152063	 0.0511329 0.00150812	 0.00809829 0.000279153	 0.00510423 0.000252056	 0.00144813 5.53471e-05	 0.00108389 4.03333e-05	 
75.5	6.04955	12.5	0.0163452 0.0013782	 0.0497919 0.00160098	 0.00780178 0.000298538	 0.00498007 0.000252246	 0.00128191 5.90951e-05	 0.00105288 3.98946e-05	 
76.5	5.50572	11.5	0.0176385 0.0013772	 0.0497633 0.0014952	 0.00696014 0.00024582	 0.00481467 0.00023648	 0.00122017 5.55471e-05	 0.00110733 4.46072e-05	 
77.5	4.99813	10.5	0.0141575 0.00125538	 0.0443755 0.00154246	 0.00597133 0.000216309	 0.00387119 0.000197391	 0.000992633 3.83771e-05	 0.000951167 3.91984e-05	 
78.5	4.54881	9.5	0.0138042 0.00115984	 0.0439789 0.00153569	 0.00547141 0.000207493	 0.0034216 0.000171516	 0.000882959 4.42164e-05	 0.000862446 3.52257e-05	 
79.5	4.14137	9	0.0142691 0.00109437	 0.0397906 0.00153277	 0.005052 0.000225063	 0.00273056 0.000136825	 0.000704399 2.52538e-05	 0.00084745 3.32904e-05	 
80.5	3.74621	8.5	0.013266 0.00100971	 0.0379705 0.00140217	 0.00473401 0.000196028	 0.00237548 0.000124251	 0.000708669 3.89598e-05	 0.000823227 3.37945e-05	 
81.5	3.36984	7.5	0.0111301 0.000859909	 0.0365019 0.00134138	 0.00379719 0.000167177	 0.00235148 0.00012194	 0.00057645 2.68178e-05	 0.000820016 2.9801e-05	 
82.5	3.06169	7	0.009895 0.000780009	 0.0318839 0.00130421	 0.00353559 0.000168803	 0.00178032 9.08847e-05	 0.000479529 2.42423e-05	 0.000714461 2.99377e-05	 
83.5	2.74429	6.5	0.00871819 0.000612649	 0.0285404 0.00122579	 0.00287926 0.000142716	 0.00129474 7.34644e-05	 0.000395072 1.94008e-05	 0.000573722 2.44724e-05	 
84.5	2.46243	6	0.0077374 0.000637638	 0.0271195 0.00119751	 0.00246412 0.000121299	 0.0010767 6.29782e-05	 0.000346578 1.34894e-05	 0.000509072 2.38955e-05	 
85.5	2.18802	5.5	0.00722646 0.000500697	 0.0233175 0.00107192	 0.00178141 9.61872e-05	 0.000825597 5.71768e-05	 0.000289873 1.29826e-05	 0.000402079 2.33246e-05	 
86.5	1.95471	5	0.00450098 0.000328879	 0.0220086 0.00102668	 0.00134794 8.28165e-05	 0.00064878 4.46562e-05	 0.000254748 1.18631e-05	 0.000334228 1.98085e-05	 
87.5	1.72454	4.5	0.00350754 0.000298006	 0.0189847 0.000881538	 0.00127294 7.31252e-05	 0.000428352 1.69186e-05	 0.000232248 1.10504e-05	 0.000233153 1.51681e-05	 
88.5	1.52072	4	0.00177878 0.000224977	 0.0185105 0.000833289	 0.000964806 5.31685e-05	 0.000357557 1.28272e-05	 0.00019112 8.44824e-06	 0.000180925 1.0841e-05	 
89.5	1.33178	4	0.00116014 0.000176686	 0.0181493 0.000863308	 0.000671287 4.39985e-05	 0.00029183 1.10157e-05	 0.00014823 7.39527e-06	 0.000141181 9.10867e-06	 
90.5	1.14705	3.5	0.00049449 4.53489e-05	 0.0155835 0.000813284	 0.000512027 3.2311e-05	 0.000253109 1.06798e-05	 0.000118239 6.80572e-06	 0.000103387 7.12976e-06	 
91.5	0.979013	3	0.00039546 1.72881e-05	 0.0128494 0.000746458	 0.000336795 1.99419e-05	 0.00020927 1.14371e-05	 8.74064e-05 5.81154e-06	 6.45165e-05 4.46972e-06	 
92.5	0.823228	2.5	0.000486378 2.18876e-05	 0.010264 0.00057811	 0.000244677 1.71189e-05	 0.00015854 9.63886e-06	 6.51574e-05 4.23935e-06	 4.67856e-05 3.58443e-06	 
93.5	0.685371	2	0.000559455 2.21884e-05	 0.00710127 0.000542195	 0.000159051 1.91491e-05	 0.000111458 1.11826e-05	 3.75962e-05 3.2232e-06	 3.35792e-05 4.43916e-06	 
94.5	0.533742	2	0.000615073 2.52452e-05	 0.00535001 0.000377454	 0.000190811 1.46552e-05	 8.52432e-05 1.01579e-05	 3.08791e-05 3.08221e-06	 2.52889e-05 2.85512e-06	 
95.5	0.397467	2	0.00085525 3.40784e-05	 0.0036718 0.000285217	 0.000178083 1.59805e-05	 7.09217e-05 7.23552e-06	 3.2757e-05 3.54919e-06	 1.77845e-05 1.59706e-06	 
96.5	0.279649	2	0.00102087 4.6585e-05	 0.00196853 0.000167974	 0.000140021 1.19543e-05	 5.07324e-05 5.51555e-06	 1.95562e-05 2.30456e-06	 1.25821e-05 1.3721e-06	 
97.5	0.167943	2	0.00143225 0.000100801	 0.00059257 9.84538e-05	 3.69919e-05 4.12413e-06	 2.26373e-05 2.68414e-06	 1.22653e-05 8.70977e-07	 7.44361e-06 4.61124e-07	 
98.5	0.0607819	2	0.00248574 0.00011087	 4.72759e-05 1.26673e-05	 9.90818e-06 3.95614e-07	 7.31418e-06 2.68595e-07	 5.7586e-06 2.23514e-07	 5.07407e-06 1.6774e-07	 
99.5	0.00156271	0	0.0063641 0.00068361	 6.0541e-06 7.63457e-07	 1.011e-06 1.80439e-07	 3.49606e-07 3.31188e-08	 2.67239e-07 3.01904e-08	 2.27877e-07 1.45604e-08	 
