Cent%	 dNdy	 Npart	 v2{6}/v2{4} err	 v3{6}/v3{4} err	 v4{6}/v4{4} err
0.5	323.48	381.5	0.952688 0.0619034 nan nan 0.979009 0.154771 
1.5	304.447	365.5	nan nan nan nan nan nan 
2.5	290.396	354.5	nan nan nan nan nan nan 
3.5	278.585	343.5	nan nan nan nan nan nan 
4.5	266.953	333	0.93628 0.0930629 nan nan nan nan 
5.5	256.063	322.5	nan nan nan nan 1.08879 0.127572 
6.5	245.624	312	1.04288 0.0699132 nan nan 0.926778 0.0641777 
7.5	236.461	302	1.08643 0.165187 nan nan 1.1091 0.185444 
8.5	227.468	292.5	0.969398 0.0216464 nan nan 1.45972 nan 
9.5	218.627	283	0.980658 0.0174776 nan nan nan nan 
10.5	209.987	273.5	0.980318 0.0130745 1.1051 0.520069 0.998674 0.0376299 
11.5	202.072	265	1.01195 0.0164514 1.06057 0.0954569 1.2697 0.489432 
12.5	194.26	256.5	1.00242 0.0106912 1.25885 0.505083 nan nan 
13.5	186.825	248	0.987669 0.0112712 nan nan nan nan 
14.5	179.503	240	0.997668 0.00753891 1.1472 0.279073 nan nan 
15.5	172.767	232	1.00342 0.0239226 nan nan 0.842824 0.357046 
16.5	166.364	224	1.0092 0.00898534 nan nan 0.925857 0.231805 
17.5	160.156	216.5	0.991858 0.0032684 nan nan nan nan 
18.5	154.023	209.5	0.996321 0.0112536 0.745229 0.678266 nan nan 
19.5	148.064	202.5	0.996359 0.0054963 nan nan 1.63756 1.37686 
20.5	142.43	195.5	0.996148 0.00602155 1.17291 0.422828 nan nan 
21.5	136.56	188.5	0.988766 0.00403978 nan nan nan nan 
22.5	131.404	182	0.993747 0.003819 nan nan 1.26133 0.676676 
23.5	126.202	176	0.999313 0.00749295 nan nan nan nan 
24.5	121.475	170	1.00485 0.00855135 0.795034 0.726434 nan nan 
25.5	116.666	164	1.01781 0.0234922 0.601477 nan nan nan 
26.5	111.902	158	1.00028 0.0103958 1.08225 0.118567 nan nan 
27.5	107.255	152	0.996399 0.00495557 nan nan 0.852165 0.31005 
28.5	103.123	146.5	0.991988 0.00601141 nan nan nan nan 
29.5	98.9382	141.5	0.996192 0.0073626 nan nan nan nan 
30.5	94.5964	136	0.99686 0.00587673 1.21252 0.442404 nan nan 
31.5	90.6952	130.5	0.989259 0.00574352 nan nan nan nan 
32.5	86.9725	126	1.0012 0.00963896 1.03811 0.11924 nan nan 
33.5	83.1223	121.5	1.01215 0.0208436 nan nan nan nan 
34.5	79.6369	116.5	0.995765 0.00632654 nan nan nan nan 
35.5	76.0275	112	0.992435 0.00831942 0.960942 0.176418 nan nan 
36.5	72.9307	107.5	1.00538 0.0110055 0.93736 0.0713918 nan nan 
37.5	69.3972	103	0.996672 0.00796481 nan nan nan nan 
38.5	66.2531	99	0.9845 0.00842538 1.05878 0.0831643 nan nan 
39.5	63.3317	95	0.983822 0.0116947 nan nan nan nan 
40.5	60.3051	91	0.987192 0.0105103 0.935529 0.327363 nan nan 
41.5	57.6947	87	0.999179 0.0132233 1.09324 0.0856568 nan nan 
42.5	54.7753	83	1.00404 0.0133236 nan nan nan nan 
43.5	52.0679	79.5	0.988483 0.0090008 0.853232 nan nan nan 
44.5	49.5962	76	1.00692 0.0120961 nan nan nan nan 
45.5	47.1312	72.5	0.996963 0.0212162 nan nan nan nan 
46.5	44.7348	69.5	0.991287 0.0122739 1.02999 0.227368 nan nan 
47.5	42.4334	66.5	0.982776 0.00979561 0.704726 1.021 nan nan 
48.5	40.1969	63.5	0.959466 0.0273625 1.35225 0.92011 nan nan 
49.5	38.1346	60.5	0.967698 0.0223815 0.701222 nan nan nan 
50.5	36.0442	57.5	0.959557 0.035418 nan nan nan nan 
51.5	34.1748	54.5	1.00128 0.0350519 nan nan nan nan 
52.5	32.0715	51.5	0.960778 0.0186895 nan nan nan nan 
53.5	30.203	49	0.969842 0.0321337 nan nan nan nan 
54.5	28.611	46.5	0.943794 0.0415296 nan nan nan nan 
55.5	26.8468	44	0.970931 0.0248973 nan nan nan nan 
56.5	25.2786	42	0.911387 0.109786 1.06793 0.298795 nan nan 
57.5	23.6746	39.5	0.958979 0.0539439 nan nan nan nan 
58.5	22.3576	37	0.97808 0.0156178 nan nan nan nan 
59.5	20.9598	35	0.951501 0.0280751 nan nan nan nan 
60.5	19.5605	33	0.967259 0.0276698 nan nan nan nan 
61.5	18.3077	31.5	0.989989 0.0212254 nan nan nan nan 
62.5	17.1105	30	nan nan nan nan nan nan 
63.5	15.9749	28	0.983973 0.0322041 nan nan nan nan 
64.5	14.8253	26	0.924872 0.0911477 nan nan nan nan 
65.5	13.7483	24.5	0.94763 0.0743454 nan nan nan nan 
66.5	12.8128	23	nan nan nan nan nan nan 
67.5	11.8537	21.5	0.691747 0.582351 nan nan nan nan 
68.5	10.9802	20	nan nan nan nan nan nan 
69.5	10.0996	18.5	nan nan nan nan nan nan 
70.5	9.33371	17.5	nan nan nan nan nan nan 
71.5	8.55556	16.5	nan nan nan nan nan nan 
72.5	7.88631	15.5	nan nan nan nan nan nan 
73.5	7.25294	14.5	nan nan nan nan nan nan 
74.5	6.59674	13.5	nan nan nan nan nan nan 
75.5	6.04955	12.5	nan nan nan nan nan nan 
76.5	5.50572	11.5	nan nan nan nan nan nan 
77.5	4.99813	10.5	nan nan nan nan nan nan 
78.5	4.54881	9.5	nan nan nan nan nan nan 
79.5	4.14137	9	nan nan nan nan nan nan 
80.5	3.74621	8.5	nan nan nan nan nan nan 
81.5	3.36984	7.5	nan nan nan nan nan nan 
82.5	3.06169	7	nan nan nan nan nan nan 
83.5	2.74429	6.5	nan nan nan nan nan nan 
84.5	2.46243	6	nan nan nan nan nan nan 
85.5	2.18802	5.5	nan nan nan nan nan nan 
86.5	1.95471	5	nan nan nan nan nan nan 
87.5	1.72454	4.5	nan nan nan nan nan nan 
88.5	1.52072	4	nan nan nan nan nan nan 
89.5	1.33178	4	nan nan nan nan nan nan 
90.5	1.14705	3.5	nan nan nan nan nan nan 
91.5	0.979013	3	nan nan nan nan nan nan 
92.5	0.823228	2.5	nan nan nan nan nan nan 
93.5	0.685371	2	nan nan nan nan nan nan 
94.5	0.533742	2	nan nan nan nan nan nan 
95.5	0.397467	2	nan nan nan nan nan nan 
96.5	0.279649	2	nan nan nan nan nan nan 
97.5	0.167943	2	nan nan nan nan nan nan 
98.5	0.0607819	2	nan nan nan nan nan nan 
99.5	0.00156271	0	0.99665 0.021514 nan nan 1.00388 0.00558881 
