Cent%	 dNdy	 Npart	 gamma2 err 	 k12 err 	 k22 err	 gamma3 err 	 k13 err 	 k23 err
0.5	942.079	408.5	0.141994 0.0613053	0.0717672 0.112333	5.23289 3.15922	0.0380433 0.0493485	0.0835436 0.0806036	-3.05585 2.18221	
1.5	966.455	396	0.300802 0.0313264	0.366704 0.0806594	-4.05033 3.55432	0.145499 0.00152378	0.0762857 0.00440876	4.21218 0.155322	
2.5	1025.81	386	0.232605 0.00408517	0.234091 0.0125738	-0.0844755 0.477019	0.0650133 0.000974314	0.0923506 0.000555819	-1.19195 0.115044	
3.5	967.916	375.5	0.239445 0.000539193	0.294429 0.00387427	-2.1065 0.167483	0.0153524 0.0144158	0.0582214 0.0160771	-1.76162 0.0681421	
4.5	903.767	364.5	0.291394 0.00429783	0.361878 0.0138066	-2.14696 0.259134	-0.0145433 0.00222617	-0.0700153 0.00399987	3.03164 0.125214	
5.5	1036.95	354	0.237561 0.00020792	0.255191 0.00763608	-0.498424 0.301958	0.123592 3.44871e-05	0.0914382 0.000497416	1.47474 0.00619109	
6.5	1029.43	344	0.20954 0.00854058	0.297941 0.0483994	-2.20867 0.572818	0.119347 0.000120936	0.0932695 0.000520259	1.34374 0.0077192	
7.5	980.197	334	0.224294 0.000187049	0.275703 0.00189336	-1.21083 0.0561282	0.0941136 0.010922	0.0913455 0.0386283	0.0987513 0.167689	
8.5	966.6	324	0.212123 2.80428e-05	0.252647 0.00473746	-0.794447 0.129029	0.100853 0.00233106	0.0971393 0.00559091	0.141332 0.150265	
9.5	911.889	314	0.205362 0.000549915	0.236214 0.00122991	-0.48751 0.00175783	0.0823589 0.00204856	0.0565445 0.0251626	1.02971 0.441734	
10.5	684.188	304.5	0.203797 2.64334e-06	0.347682 0.00863437	-2.08803 0.168291	0.0358612 0.00111023	0.0445923 0.00328132	-0.242115 0.0596883	
11.5	657.217	295.5	0.20562 0.00147427	0.275555 0.0890004	-0.998728 0.90044	0.0145918 0.00364025	0.0221942 0.0081296	-0.287275 0.176967	
12.5	663.211	286.5	0.199109 0.000991749	0.28844 0.00330898	-1.12841 0.00967384	0.00342147 5.51086e-05	0.0398819 0.000263952	-1.01965 0.00518413	
13.5	611.677	277.5	0.231955 0.00139714	0.344967 0.0285446	-1.24639 0.306121	0.00740888 0.00051196	0.0234109 0.00131176	-0.407723 0.0180033	
14.5	643.613	269	0.22224 0.000538777	0.328894 0.0047246	-1.43968 0.12248	0.0133917 0.000655289	0.034081 0.00226202	-0.645835 0.0505104	
15.5	656.986	260.5	0.1718 0.000816248	0.255794 0.0033806	-0.825148 0.0242592	-0.00134806 0.00159668	-0.00744851 0.00529731	0.197543 0.12023	
16.5	681.857	252	0.180865 0.000724767	0.274217 0.000514015	-0.880763 0.0118705	-0.0109491 0.00241922	-0.0315994 0.00593064	0.379684 0.0663512	
17.5	639.4	244	0.174164 0.00196468	0.245701 0.00245516	-0.643065 0.0656361	-0.0101594 0.000189419	0.0163838 0.00111712	-0.933859 0.0217684	
18.5	675.247	236.5	0.162196 0.00268921	0.255858 0.00947189	-0.781018 0.0404511	3.76495e-05 0.00215459	0.0719823 0.000322351	-2.09291 0.032822	
19.5	705.631	229	0.185884 0.000830577	0.290251 0.0260418	-0.894026 0.222447	0.0159643 0.00166733	-0.00415003 0.00363127	0.61652 0.0721053	
20.5	437.3	221.5	0.194681 0.00445826	0.314843 0.170716	-0.930844 0.788832	0.0220423 0.00131712	0.0409585 0.00463865	-0.498688 0.0884068	
21.5	423.739	214	0.202324 0.00154044	0.321209 0.0266184	-0.847282 0.196835	-0.0132684 0.000605933	0.00121298 0.0010491	-0.252153 0.0100566	
22.5	473.169	207	0.208395 0.00413925	0.357407 0.0590499	-1.11239 0.345044	-0.00435866 0.00189389	0.0571011 0.00365689	-1.02051 0.0373195	
23.5	441.509	200.5	0.179987 0.000407501	0.268351 0.174089	-0.557406 0.695479	-0.00430351 0.00115563	-0.0269324 0.00205598	0.602103 0.0274716	
24.5	445.482	193.5	0.174173 0.00101531	0.253638 0.0018621	-0.458008 0.00502071	-0.0114444 0.00170399	0.0295534 0.0030012	-1.09585 0.0323932	
25.5	427.794	187	0.17314 0.00133635	0.269879 0.0183215	-0.522203 0.116671	-0.0293068 0.00224188	-0.0434973 0.000388592	0.348095 0.0640527	
26.5	436.622	180.5	0.174491 7.11901e-06	0.302729 0.00588533	-0.813452 0.0503671	-0.00826494 0.000211063	-0.038974 0.00121329	0.526981 0.0147214	
27.5	444.444	174	0.158788 0.0011922	0.208601 0.0407087	-0.236155 0.179706	-0.00436964 0.000690828	-0.0401056 0.00146768	0.585355 0.0160814	
28.5	425.683	168	0.180874 0.00230362	0.346329 0.126342	-0.816216 0.514821	-0.0097584 0.000303306	-0.0665637 0.00286763	1.14575 0.0410282	
29.5	456.981	162.5	0.173037 0.00215524	0.261075 0.192585	-0.460659 0.679166	0.00368187 0.00228626	0.0243272 0.00659079	-0.331041 0.0714844	
30.5	265.66	157	0.171033 0.00248468	0.277913 0.034911	-0.491987 0.197585	-0.00293877 0.000871531	0.0302012 0.00292506	-0.477616 0.0282702	
31.5	270.789	151	0.199283 0.00238476	0.236913 0.00679329	-0.169345 0.0116774	-0.0155272 0.00196716	-0.012687 0.00277559	-0.049179 0.00857809	
32.5	294.577	145.5	0.147577 0.00338351	0.245903 0.0577735	-0.366207 0.173387	0.0181899 0.00215537	0.0447769 0.00439328	-0.566781 0.0461179	
33.5	292.563	140.5	0.164454 0.00196515	0.287802 0.147382	-0.581315 0.506011	-0.00663659 0.000264691	-0.024972 0.00140328	0.167214 0.00755836	
34.5	297.527	135.5	0.168563 0.00323279	0.214315 0.00179986	-0.208853 0.0346478	-0.0128383 0.0009824	-0.00554126 0.0025743	-0.102584 0.0246824	
35.5	287.639	130.5	0.171667 0.000848941	0.30303 0.000238405	-0.555438 0.0103064	0.0196641 7.58534e-05	0.0315717 0.000500756	-0.164906 0.0058309	
36.5	291.156	125.5	0.174176 0.00245629	0.30666 0.0246292	-0.571296 0.134128	0.0108679 0.000639802	0.0732747 0.00384537	-1.05659 0.0474958	
37.5	290.532	120.5	0.165495 0.000789873	0.295259 0.0179078	-0.538927 0.0937717	-0.00512022 0.00280501	0.00635727 0.0113775	-0.190127 0.143885	
38.5	268.29	116	0.172526 0.00183386	0.296805 0.0261247	-0.576828 0.127647	-0.00297374 0.00287925	0.00381769 0.00138708	-0.0967712 0.0201753	
39.5	280.463	111.5	0.169726 0.00043246	0.275965 0.046506	-0.455263 0.183107	-0.00820277 0.00159266	-0.0834388 0.00250735	1.10888 0.0210336	
40.5	159.571	107	0.139586 0.000323102	0.182436 0.00215407	-0.15294 0.0176453	-0.00724586 0.000224978	0.00619707 0.00114924	-0.142056 0.00815047	
41.5	163.736	103	0.158612 0.000756062	0.30019 0.0474272	-0.532134 0.178101	0.00812362 0.00341415	0.00820647 0.0097584	-0.000784089 0.0614144	
42.5	162.032	98.5	0.152191 0.00171652	0.217464 0.00201003	-0.203515 0.00996384	-0.00706041 0.00114706	-0.0363059 0.00475014	0.281959 0.0566861	
43.5	170.033	94	0.155134 0.00501791	0.262913 0.0507091	-0.372993 0.167797	-0.00476678 0.00103764	-0.0525979 0.00458626	0.484504 0.0617699	
44.5	175.386	90.5	0.138744 0.00185107	0.307316 0.0282821	-0.532472 0.0950738	0.0119273 0.00053843	0.0238821 0.00198119	-0.110549 0.0134809	
45.5	176.912	87	0.170542 0.00293492	0.227643 0.085015	-0.207669 0.294578	-0.00766692 0.00230327	-0.0191485 0.00670716	0.0924658 0.034558	
46.5	167.127	83	0.140545 2.8532e-05	0.169659 0.100564	-0.110931 0.303113	-0.0135857 0.00178322	-0.0749285 0.0024785	0.655404 0.0126508	
47.5	178.848	79.5	0.143791 1.58727e-05	0.179624 0.018264	-0.113516 0.0776339	-0.0052405 0.000294592	-0.0301081 0.00209374	0.228627 0.0144673	
48.5	168.962	76	0.159156 0.00203468	0.286809 0.00678313	-0.395145 0.00259392	-0.00555447 0.00113929	0.0181138 0.00249668	-0.218131 0.0159123	
49.5	181.353	72.5	0.148419 0.00538186	0.244174 0.0578392	-0.296829 0.151931	0.00218314 0.00145507	0.0301584 0.00540063	-0.257558 0.0354132	
50.5	140.174	69	0.153531 0	0.261498 0	-0.376216 0	-0 nan	nan nan	nan nan	
51.5	113.786	65.5	-inf nan	nan nan	nan nan	-0 nan	nan nan	nan nan	
52.5	125.232	62.5	-inf nan	nan nan	nan nan	0 nan	nan nan	nan nan	
53.5	125.352	59.5	-inf nan	nan nan	nan nan	-0 nan	nan nan	nan nan	
54.5	125.271	56.5	-inf nan	nan nan	nan nan	0 nan	nan nan	nan nan	
55.5	124.335	54	-inf nan	nan nan	nan nan	-0 nan	nan nan	nan nan	
56.5	119.559	51.5	-inf nan	nan nan	nan nan	-0 nan	nan nan	nan nan	
57.5	124.97	48.5	-inf nan	nan nan	nan nan	-0 nan	nan nan	nan nan	
58.5	123.947	46	-inf nan	nan nan	nan nan	-0 nan	nan nan	nan nan	
59.5	128.656	43.5	-inf nan	nan nan	nan nan	-0 nan	nan nan	nan nan	
60.5	nan	41	nan nan	nan nan	nan nan	nan nan	nan nan	nan nan	
61.5	nan	39	nan nan	nan nan	nan nan	nan nan	nan nan	nan nan	
62.5	nan	37	nan nan	nan nan	nan nan	nan nan	nan nan	nan nan	
63.5	nan	35	nan nan	nan nan	nan nan	nan nan	nan nan	nan nan	
64.5	nan	33	nan nan	nan nan	nan nan	nan nan	nan nan	nan nan	
65.5	nan	31	nan nan	nan nan	nan nan	nan nan	nan nan	nan nan	
66.5	nan	29	nan nan	nan nan	nan nan	nan nan	nan nan	nan nan	
67.5	nan	27	nan nan	nan nan	nan nan	nan nan	nan nan	nan nan	
68.5	nan	25	nan nan	nan nan	nan nan	nan nan	nan nan	nan nan	
69.5	nan	23.5	nan nan	nan nan	nan nan	nan nan	nan nan	nan nan	
70.5	nan	22	nan nan	nan nan	nan nan	nan nan	nan nan	nan nan	
71.5	nan	20.5	nan nan	nan nan	nan nan	nan nan	nan nan	nan nan	
72.5	nan	19	nan nan	nan nan	nan nan	nan nan	nan nan	nan nan	
73.5	nan	17.5	nan nan	nan nan	nan nan	nan nan	nan nan	nan nan	
74.5	nan	16.5	nan nan	nan nan	nan nan	nan nan	nan nan	nan nan	
75.5	nan	15.5	nan nan	nan nan	nan nan	nan nan	nan nan	nan nan	
76.5	nan	14	nan nan	nan nan	nan nan	nan nan	nan nan	nan nan	
77.5	nan	12.5	nan nan	nan nan	nan nan	nan nan	nan nan	nan nan	
78.5	nan	11.5	nan nan	nan nan	nan nan	nan nan	nan nan	nan nan	
79.5	nan	10.5	nan nan	nan nan	nan nan	nan nan	nan nan	nan nan	
80.5	nan	9.5	nan nan	nan nan	nan nan	nan nan	nan nan	nan nan	
81.5	nan	9	nan nan	nan nan	nan nan	nan nan	nan nan	nan nan	
82.5	nan	8.5	nan nan	nan nan	nan nan	nan nan	nan nan	nan nan	
83.5	nan	7.5	nan nan	nan nan	nan nan	nan nan	nan nan	nan nan	
84.5	nan	6.5	nan nan	nan nan	nan nan	nan nan	nan nan	nan nan	
85.5	nan	6	nan nan	nan nan	nan nan	nan nan	nan nan	nan nan	
86.5	nan	5.5	nan nan	nan nan	nan nan	nan nan	nan nan	nan nan	
87.5	nan	5	nan nan	nan nan	nan nan	nan nan	nan nan	nan nan	
88.5	nan	4.5	nan nan	nan nan	nan nan	nan nan	nan nan	nan nan	
89.5	nan	4	nan nan	nan nan	nan nan	nan nan	nan nan	nan nan	
90.5	nan	3.5	nan nan	nan nan	nan nan	nan nan	nan nan	nan nan	
91.5	nan	3	nan nan	nan nan	nan nan	nan nan	nan nan	nan nan	
92.5	nan	3	nan nan	nan nan	nan nan	nan nan	nan nan	nan nan	
93.5	nan	2.5	nan nan	nan nan	nan nan	nan nan	nan nan	nan nan	
94.5	nan	2	nan nan	nan nan	nan nan	nan nan	nan nan	nan nan	
95.5	nan	2	nan nan	nan nan	nan nan	nan nan	nan nan	nan nan	
96.5	nan	1.5	nan nan	nan nan	nan nan	nan nan	nan nan	nan nan	
97.5	nan	1	nan nan	nan nan	nan nan	nan nan	nan nan	nan nan	
98.5	nan	1	nan nan	nan nan	nan nan	nan nan	nan nan	nan nan	
99.5	nan	0	nan nan	nan nan	nan nan	nan nan	nan nan	nan nan	
