Cent%	 dNdy	 Npart	 v1{6}^6 err	 v2{6}^6 err	 v3{6}^6 err	 v4{6}^6 err 	 v5{6}^6 err 	 v6{6}^6 err
0.5	942.079	408.5	3.16229e-08 3.10101e-08	5.57624e-09 3.16665e-09	-3.56002e-11 3.7162e-11	1.14526e-12 1.10665e-12	-3.2193e-15 2.5724e-14	-3.36978e-17 2.27972e-16	
1.5	966.455	396	1.63526e-08 3.1824e-08	8.82296e-09 4.22915e-09	-6.18706e-11 9.95229e-11	-6.64759e-14 1.09651e-13	5.52432e-15 1.41673e-14	-5.15732e-16 1.20995e-15	
2.5	1025.81	386	-3.39055e-08 2.95766e-08	1.24706e-09 2.10247e-09	8.08163e-14 4.4092e-12	-2.75271e-13 3.29418e-13	-1.51518e-15 9.77522e-15	-4.76745e-17 1.30798e-16	
3.5	967.916	375.5	1.68346e-08 4.94146e-08	1.47408e-09 2.72974e-09	1.35488e-11 1.26173e-11	1.3344e-13 6.37351e-13	3.74371e-15 6.7424e-15	-1.87155e-16 2.15014e-16	
4.5	903.767	364.5	3.97178e-09 4.36487e-08	1.27413e-08 6.85537e-09	-7.10272e-12 1.37235e-11	-6.49694e-13 7.11882e-13	-2.83489e-14 3.46632e-14	-2.02539e-16 4.00211e-16	
5.5	1036.95	354	2.49494e-09 3.56172e-09	5.69703e-10 7.75432e-10	2.46882e-13 4.7846e-12	1.42593e-13 1.47713e-13	4.20369e-15 2.7574e-15	-1.83871e-17 8.89815e-17	
6.5	1029.43	344	8.40202e-09 1.60715e-08	1.29985e-09 6.1883e-10	-4.11119e-13 4.08237e-12	5.47247e-14 1.76689e-13	-1.60867e-16 4.91066e-15	1.42283e-16 1.29695e-16	
7.5	980.197	334	-1.14437e-08 7.8821e-09	2.28962e-09 1.04751e-09	-1.0104e-11 1.0228e-11	1.3595e-13 2.51526e-13	8.68639e-15 6.11063e-15	-2.04714e-16 1.66993e-16	
8.5	966.6	324	-6.70498e-09 7.95629e-09	3.83467e-09 1.06466e-09	-5.51514e-13 4.68957e-12	-8.29366e-14 1.9487e-13	6.31986e-15 4.61165e-15	-6.93182e-17 1.25615e-16	
9.5	911.889	314	4.08376e-09 7.30905e-09	3.81001e-09 1.97001e-09	-1.84506e-12 5.56958e-12	5.22131e-13 6.28933e-13	-3.71312e-15 4.63458e-15	-4.00963e-16 3.14342e-16	
10.5	684.188	304.5	1.45531e-08 7.33512e-08	1.81513e-08 9.9652e-09	4.73961e-11 4.51497e-11	-5.02559e-13 1.28797e-12	-2.00268e-14 2.21642e-14	2.30849e-15 1.61687e-15	
11.5	657.217	295.5	2.95932e-07 2.61566e-07	2.37134e-08 8.69135e-09	1.67209e-12 8.4797e-12	5.56378e-13 4.77038e-13	7.82932e-15 1.13364e-14	2.30947e-15 2.01484e-15	
12.5	663.211	286.5	2.54199e-07 4.74687e-07	3.34162e-08 1.15886e-08	3.3011e-11 2.32138e-11	1.07188e-12 1.07798e-12	2.10313e-14 8.16305e-14	7.97043e-17 2.85641e-16	
13.5	611.677	277.5	2.72644e-09 7.04794e-08	6.40647e-08 2.08358e-08	-7.27921e-12 1.9897e-11	3.75109e-13 1.25263e-12	2.62211e-14 2.055e-14	-2.30065e-15 1.36731e-15	
14.5	643.613	269	-1.00803e-07 2.28176e-07	3.19631e-08 1.13424e-08	-1.42321e-11 1.92271e-11	-1.02025e-12 1.25601e-12	5.69266e-15 2.13298e-14	-9.82058e-16 9.00993e-16	
15.5	656.986	260.5	4.52232e-08 5.14248e-08	3.08749e-08 8.11017e-09	7.31626e-12 7.05758e-12	2.50057e-13 6.78617e-13	9.80475e-15 1.80891e-14	1.40616e-17 4.96025e-16	
16.5	681.857	252	-3.98491e-08 1.49069e-07	3.37383e-08 1.22214e-08	1.0096e-11 1.43321e-11	6.68827e-13 9.7032e-13	-1.77978e-14 2.82815e-14	1.19602e-15 9.49164e-16	
17.5	639.4	244	2.10103e-07 2.67003e-07	3.61056e-08 1.21471e-08	-1.26841e-11 1.13172e-11	1.49154e-12 1.49141e-12	-3.08016e-14 1.99562e-14	-7.42737e-16 5.90633e-16	
18.5	675.247	236.5	-2.23518e-07 1.95741e-07	2.28206e-08 9.8449e-09	-7.66469e-12 2.10559e-11	2.8517e-12 2.60472e-12	1.15311e-14 1.67249e-14	-6.87542e-16 9.44871e-16	
19.5	705.631	229	-8.74044e-08 8.57792e-08	4.43581e-08 1.5005e-08	3.04964e-11 2.8195e-11	-2.5621e-12 2.08791e-12	6.81009e-15 3.14832e-14	-5.03544e-16 5.25585e-16	
20.5	437.3	221.5	-1.51033e-07 1.60574e-07	1.23646e-07 4.26395e-08	7.15174e-12 4.74107e-11	-4.34378e-12 3.13058e-12	4.06769e-14 7.72849e-14	-3.38401e-15 4.09702e-15	
21.5	423.739	214	1.20147e-07 1.13284e-07	1.44394e-07 4.39734e-08	-3.47394e-11 4.00153e-11	-3.90947e-12 5.28819e-12	-2.17488e-14 6.53293e-14	-1.02589e-16 1.37484e-15	
22.5	473.169	207	-5.10791e-07 5.08706e-07	1.30895e-07 5.23444e-08	-7.97233e-11 5.20733e-11	-1.28413e-12 2.1324e-12	-2.10475e-13 1.92051e-13	-1.33968e-15 1.51678e-15	
23.5	441.509	200.5	-5.4624e-08 1.53097e-07	1.67536e-07 4.06598e-08	-1.56885e-11 1.95197e-11	3.50577e-13 2.07309e-12	2.33718e-14 2.71361e-14	-1.17777e-15 1.20648e-15	
24.5	445.482	193.5	-6.48244e-08 9.96843e-08	1.18309e-07 3.98157e-08	5.74877e-11 4.83787e-11	-1.75808e-12 1.99772e-12	6.26434e-14 9.48782e-14	-1.0293e-15 1.0423e-15	
25.5	427.794	187	-1.83919e-07 4.14072e-07	1.68924e-07 5.27992e-08	-8.18191e-11 1.02489e-10	1.63468e-12 1.43683e-12	6.05598e-14 1.77548e-13	-1.04399e-15 8.37065e-16	
26.5	436.622	180.5	8.64405e-08 1.45498e-07	1.44147e-07 4.23022e-08	-1.3427e-11 3.25225e-11	1.67085e-12 2.75554e-12	4.7205e-14 2.4717e-14	2.18932e-16 1.40471e-15	
27.5	444.444	174	3.71917e-07 3.8746e-07	1.53144e-07 7.4265e-08	6.37287e-13 3.03941e-11	5.37676e-12 5.79842e-12	5.45945e-14 8.34372e-14	-3.00916e-16 2.34652e-15	
28.5	425.683	168	-8.25699e-07 1.14211e-06	2.46936e-07 7.99958e-08	8.56554e-11 8.41643e-11	2.78527e-12 5.8617e-12	7.94596e-14 9.99452e-14	-7.29552e-16 2.10244e-15	
29.5	456.981	162.5	1.63095e-06 2.13818e-06	1.55562e-07 6.50592e-08	-7.27857e-11 6.26873e-11	-2.81876e-13 2.71711e-12	1.84083e-13 1.36462e-13	-3.71349e-15 3.07197e-15	
30.5	265.66	157	6.45302e-06 6.39293e-06	1.81401e-07 1.00093e-07	-3.05354e-11 9.78155e-11	-1.39655e-12 6.21295e-12	1.33354e-14 8.68499e-14	-2.95909e-15 2.14654e-15	
31.5	270.789	151	5.30143e-08 1.53928e-07	4.3566e-07 1.52121e-07	8.66841e-11 7.07412e-11	7.34772e-12 1.00537e-11	1.43332e-13 1.86409e-13	3.37205e-14 3.41126e-14	
32.5	294.577	145.5	2.55478 2.53078	2.50825e-07 9.83511e-08	6.37454e-12 7.02055e-11	-4.64069e-12 3.82068e-12	-1.02028e-14 7.53312e-14	-5.47501e-16 8.69405e-16	
33.5	292.563	140.5	2.83162e-07 3.71556e-07	2.37065e-07 1.003e-07	-3.2786e-11 4.50205e-11	-3.70472e-12 5.597e-12	-2.81392e-14 4.21581e-14	-3.34054e-15 3.08696e-15	
34.5	297.527	135.5	-1.31597e-07 4.2373e-07	2.55129e-07 1.07179e-07	1.7375e-11 8.07511e-11	-1.70496e-12 2.3851e-12	-4.41628e-14 2.09354e-13	-1.2299e-17 1.08868e-15	
35.5	287.639	130.5	1.84661e-06 2.34388e-06	2.81425e-07 1.09731e-07	-2.66935e-11 8.69393e-11	1.61824e-12 4.62103e-12	8.22604e-15 9.26471e-14	-5.78372e-16 3.6046e-15	
36.5	291.156	125.5	3.09008e-05 3.08305e-05	4.02429e-07 1.47729e-07	1.38504e-10 8.6299e-11	9.35803e-12 6.22768e-12	1.0894e-13 1.24234e-13	-6.09281e-16 9.31538e-16	
37.5	290.532	120.5	-1.93929e-07 3.90373e-07	2.03705e-07 1.26498e-07	5.19295e-11 4.41061e-11	7.29898e-12 9.56034e-12	8.82055e-15 4.39873e-14	2.36326e-16 3.73495e-15	
38.5	268.29	116	5.27727e-07 6.42872e-07	2.31965e-07 8.2767e-08	-2.50928e-12 4.21591e-11	-4.79537e-12 7.58273e-12	-1.97743e-14 2.9569e-14	-4.77581e-15 1.1986e-14	
39.5	280.463	111.5	1.61773e-08 2.98345e-07	4.15148e-07 1.21784e-07	-2.26429e-12 4.57764e-11	8.48766e-12 6.35843e-12	-5.91473e-16 4.76888e-14	3.20341e-15 6.009e-15	
40.5	159.571	107	-1.41672e-06 1.76098e-06	3.27702e-08 7.35459e-08	1.99598e-10 1.62593e-10	-3.73601e-12 4.72835e-12	-2.53008e-13 1.16188e-13	-4.40836e-16 1.23882e-15	
41.5	163.736	103	-5.61882e-07 7.33457e-07	2.46236e-07 1.63973e-07	1.12963e-10 1.2106e-10	3.56425e-12 1.06458e-11	-1.04596e-13 8.46344e-14	-2.43636e-16 2.77123e-16	
42.5	162.032	98.5	-4.41334e-08 4.36603e-07	5.43693e-07 1.65755e-07	-9.5186e-11 1.08175e-10	-9.90114e-12 6.98958e-12	1.08506e-13 1.87544e-13	-4.48718e-15 3.3124e-15	
43.5	170.033	94	0.141124 0.140217	4.7662e-07 2.46175e-07	4.81775e-11 4.8411e-11	-1.37575e-11 1.28686e-11	2.27845e-14 7.39804e-14	-6.46913e-15 4.71768e-15	
44.5	175.386	90.5	0.00024448 0.000255987	1.96659e-07 1.87377e-07	7.66044e-11 1.20503e-10	-8.2146e-12 9.59902e-12	1.46848e-13 1.72856e-13	-1.00451e-15 1.42367e-15	
45.5	176.912	87	-5.06764e-07 3.38478e-07	5.08557e-07 2.68686e-07	9.64057e-11 1.36416e-10	7.25206e-13 9.19717e-12	9.71828e-14 9.43239e-14	-3.24713e-15 3.71387e-15	
46.5	167.127	83	3.08114e-06 5.05358e-06	1.79043e-07 1.24433e-07	-3.91056e-11 7.03428e-11	-2.17261e-12 5.21158e-12	-2.16631e-14 6.31913e-14	-2.84483e-16 8.43705e-16	
47.5	178.848	79.5	1.42548e-05 1.43073e-05	1.6566e-07 1.00482e-07	7.33179e-11 8.34327e-11	6.46377e-11 5.18721e-11	-1.32511e-14 4.44314e-14	5.2927e-14 5.37514e-14	
48.5	168.962	76	6.12167e-07 1.02199e-06	8.65486e-07 2.36657e-07	-4.61891e-12 6.78892e-11	5.3801e-12 5.82474e-12	-1.87874e-14 4.92014e-14	4.13971e-16 8.09675e-16	
49.5	181.353	72.5	6.09299e-06 6.19623e-06	3.96726e-07 1.89743e-07	8.30488e-11 1.4677e-10	2.52109e-12 7.15252e-12	-2.0559e-13 1.789e-13	-1.08689e-16 6.83735e-15	
50.5	140.174	69	1.11311e-07 5.2304e-07	5.38547e-08 1.02702e-07	-6.48505e-11 1.83727e-10	-3.78935e-12 1.89315e-11	-5.70893e-14 1.11892e-13	4.0778e-14 4.11468e-14	
51.5	113.786	65.5	-7.77828e-06 8.77532e-06	8.01441e-07 3.50431e-07	-4.82473e-11 1.33333e-10	-9.98989e-12 1.6434e-11	-7.54607e-14 9.06206e-14	-1.41963e-15 1.44746e-15	
52.5	125.232	62.5	-6.92931e-07 7.74493e-07	4.38465e-07 2.20999e-07	-1.27231e-10 1.38532e-10	5.23351e-12 6.86472e-12	-1.30892e-13 1.17079e-13	3.26572e-17 5.20545e-16	
53.5	125.352	59.5	1.13409e-05 1.12212e-05	4.82328e-07 1.95718e-07	-9.05573e-11 1.04568e-10	9.6279e-12 8.59342e-12	-5.05805e-14 5.24175e-14	-1.48698e-15 3.20768e-15	
54.5	125.271	56.5	-5.16188e-07 5.09017e-07	2.52314e-07 1.41558e-07	-2.22663e-11 5.3489e-11	-2.75583e-12 4.11151e-12	-1.04846e-13 6.50602e-14	4.4762e-15 4.16672e-15	
55.5	124.335	54	-1.17275e-06 1.16425e-06	5.44819e-07 4.70596e-07	1.07397e-11 3.60113e-11	-3.53532e-12 2.02015e-11	-9.00338e-15 3.12857e-14	-1.5623e-15 3.07736e-15	
56.5	119.559	51.5	-2.09429e-06 1.22786e-06	9.57875e-07 3.01228e-07	-2.28095e-10 1.75304e-10	8.03879e-12 1.02759e-11	-3.50591e-13 2.64667e-13	1.17408e-15 9.74833e-16	
57.5	124.97	48.5	4.90288e-07 4.52426e-07	8.23878e-07 3.1512e-07	8.5367e-11 1.08108e-10	1.19662e-11 1.39158e-11	-8.1909e-14 8.81775e-14	-9.6352e-15 1.12764e-14	
58.5	123.947	46	-1.27259e-09 4.53088e-07	6.19987e-07 3.49408e-07	-1.0631e-10 1.06509e-10	-5.77263e-12 1.26898e-11	-1.15301e-13 9.92807e-14	-5.72074e-15 3.73458e-15	
59.5	128.656	43.5	-1.96164e-07 5.09678e-07	2.58739e-07 1.44634e-07	-1.42185e-11 9.37791e-11	-4.43067e-12 1.06756e-11	2.26235e-14 5.8406e-14	1.72958e-15 4.72371e-15	
60.5	nan	41	nan nan	nan nan	nan nan	nan nan	nan nan	nan nan	
61.5	nan	39	nan nan	nan nan	nan nan	nan nan	nan nan	nan nan	
62.5	nan	37	nan nan	nan nan	nan nan	nan nan	nan nan	nan nan	
63.5	nan	35	nan nan	nan nan	nan nan	nan nan	nan nan	nan nan	
64.5	nan	33	nan nan	nan nan	nan nan	nan nan	nan nan	nan nan	
65.5	nan	31	nan nan	nan nan	nan nan	nan nan	nan nan	nan nan	
66.5	nan	29	nan nan	nan nan	nan nan	nan nan	nan nan	nan nan	
67.5	nan	27	nan nan	nan nan	nan nan	nan nan	nan nan	nan nan	
68.5	nan	25	nan nan	nan nan	nan nan	nan nan	nan nan	nan nan	
69.5	nan	23.5	nan nan	nan nan	nan nan	nan nan	nan nan	nan nan	
70.5	nan	22	nan nan	nan nan	nan nan	nan nan	nan nan	nan nan	
71.5	nan	20.5	nan nan	nan nan	nan nan	nan nan	nan nan	nan nan	
72.5	nan	19	nan nan	nan nan	nan nan	nan nan	nan nan	nan nan	
73.5	nan	17.5	nan nan	nan nan	nan nan	nan nan	nan nan	nan nan	
74.5	nan	16.5	nan nan	nan nan	nan nan	nan nan	nan nan	nan nan	
75.5	nan	15.5	nan nan	nan nan	nan nan	nan nan	nan nan	nan nan	
76.5	nan	14	nan nan	nan nan	nan nan	nan nan	nan nan	nan nan	
77.5	nan	12.5	nan nan	nan nan	nan nan	nan nan	nan nan	nan nan	
78.5	nan	11.5	nan nan	nan nan	nan nan	nan nan	nan nan	nan nan	
79.5	nan	10.5	nan nan	nan nan	nan nan	nan nan	nan nan	nan nan	
80.5	nan	9.5	nan nan	nan nan	nan nan	nan nan	nan nan	nan nan	
81.5	nan	9	nan nan	nan nan	nan nan	nan nan	nan nan	nan nan	
82.5	nan	8.5	nan nan	nan nan	nan nan	nan nan	nan nan	nan nan	
83.5	nan	7.5	nan nan	nan nan	nan nan	nan nan	nan nan	nan nan	
84.5	nan	6.5	nan nan	nan nan	nan nan	nan nan	nan nan	nan nan	
85.5	nan	6	nan nan	nan nan	nan nan	nan nan	nan nan	nan nan	
86.5	nan	5.5	nan nan	nan nan	nan nan	nan nan	nan nan	nan nan	
87.5	nan	5	nan nan	nan nan	nan nan	nan nan	nan nan	nan nan	
88.5	nan	4.5	nan nan	nan nan	nan nan	nan nan	nan nan	nan nan	
89.5	nan	4	nan nan	nan nan	nan nan	nan nan	nan nan	nan nan	
90.5	nan	3.5	nan nan	nan nan	nan nan	nan nan	nan nan	nan nan	
91.5	nan	3	nan nan	nan nan	nan nan	nan nan	nan nan	nan nan	
92.5	nan	3	nan nan	nan nan	nan nan	nan nan	nan nan	nan nan	
93.5	nan	2.5	nan nan	nan nan	nan nan	nan nan	nan nan	nan nan	
94.5	nan	2	nan nan	nan nan	nan nan	nan nan	nan nan	nan nan	
95.5	nan	2	nan nan	nan nan	nan nan	nan nan	nan nan	nan nan	
96.5	nan	1.5	nan nan	nan nan	nan nan	nan nan	nan nan	nan nan	
97.5	nan	1	nan nan	nan nan	nan nan	nan nan	nan nan	nan nan	
98.5	nan	1	nan nan	nan nan	nan nan	nan nan	nan nan	nan nan	
99.5	nan	0	nan nan	nan nan	nan nan	nan nan	nan nan	nan nan	
