Cent%	 dNdy	 Npart	 v2{6}/v2{4} err	 v3{6}/v3{4} err	 v4{6}/v4{4} err
0.5	942.079	408.5	0.997685 0.00461577 nan nan 0.980121 0.0167564 
1.5	966.455	396	1.00833 0.013013 nan nan nan nan 
2.5	1025.81	386	0.925783 0.101632 1.00289 nan nan nan 
3.5	967.916	375.5	0.909835 0.125971 0.976014 0.0338999 nan nan 
4.5	903.767	364.5	0.987186 0.00836956 nan nan nan nan 
5.5	1036.95	354	0.911085 0.0929784 0.704957 nan 0.995095 0.0591419 
6.5	1029.43	344	0.988648 0.0120974 nan nan 0.837231 0.327185 
7.5	980.197	334	1.05387 0.0647553 nan nan 0.909511 0.161024 
8.5	966.6	324	1.00089 0.00488538 nan nan nan nan 
9.5	911.889	314	1.01285 0.0379835 nan nan 1.03155 0.0835176 
10.5	684.188	304.5	1.01303 0.031612 nan nan nan nan 
11.5	657.217	295.5	0.991684 0.00378331 0.837591 0.806751 0.973345 0.037387 
12.5	663.211	286.5	0.99278 0.00397126 nan nan 0.942757 0.0514239 
13.5	611.677	277.5	0.996164 0.00367732 nan nan 1.00268 0.296428 
14.5	643.613	269	0.998053 0.00635499 nan nan nan nan 
15.5	656.986	260.5	1.00984 0.00990073 1.0843 0.159384 0.865871 0.255431 
16.5	681.857	252	0.996578 0.00487687 0.923231 0.0980117 0.943237 0.0988604 
17.5	639.4	244	0.994141 0.00437101 nan nan 1.00443 0.0533318 
18.5	675.247	236.5	0.992474 0.00820027 nan nan 0.951426 0.0441789 
19.5	705.631	229	1.00452 0.00576157 0.978169 0.046173 nan nan 
20.5	437.3	221.5	0.999606 0.00574681 0.775375 nan nan nan 
21.5	423.739	214	1.03059 0.0305541 nan nan nan nan 
22.5	473.169	207	1.03592 0.0312856 nan nan nan nan 
23.5	441.509	200.5	0.999247 0.00160624 nan nan 0.782129 1.09826 
24.5	445.482	193.5	1.00766 0.0139752 1.01679 0.0604123 nan nan 
25.5	427.794	187	0.998588 0.00272329 nan nan 0.978469 0.0376263 
26.5	436.622	180.5	1.01305 0.0164298 nan nan 0.997532 0.104148 
27.5	444.444	174	0.985527 0.00804294 0.549658 nan 0.939625 0.0558158 
28.5	425.683	168	0.996643 0.00191171 0.962538 0.0351309 0.943642 0.14661 
29.5	456.981	162.5	0.991909 0.00510653 nan nan nan nan 
30.5	265.66	157	0.999233 0.0171313 nan nan nan nan 
31.5	270.789	151	0.995976 0.00343394 0.981832 0.0272264 1.17664 0.409853 
32.5	294.577	145.5	0.99742 0.00353839 1.1376 nan nan nan 
33.5	292.563	140.5	1.04941 0.0585887 nan nan nan nan 
34.5	297.527	135.5	0.996382 0.00540426 1.02207 0.658728 nan nan 
35.5	287.639	130.5	0.991419 0.00589644 nan nan nan nan 
36.5	291.156	125.5	0.994037 0.00332773 0.995134 0.0159995 1.03828 0.0700852 
37.5	290.532	120.5	0.99501 0.014717 1.00144 0.030224 1.02692 0.103252 
38.5	268.29	116	0.993868 0.00429012 nan nan nan nan 
39.5	280.463	111.5	1.00277 0.00570779 nan nan 0.985806 0.0306418 
40.5	159.571	107	0.920722 0.185613 0.96066 0.0324305 nan nan 
41.5	163.736	103	0.984754 0.0136036 0.955203 0.0444774 0.87564 0.308881 
42.5	162.032	98.5	0.996622 0.00282081 nan nan nan nan 
43.5	170.033	94	0.986527 0.00876216 1.07361 0.128896 nan nan 
44.5	175.386	90.5	0.961296 0.0301825 0.934357 0.0921947 nan nan 
45.5	176.912	87	0.987156 0.00828104 0.95928 0.0696369 1.10939 nan 
46.5	167.127	83	0.980601 0.0165153 nan nan nan nan 
47.5	178.848	79.5	1.00533 0.0225352 0.955257 0.0447653 nan nan 
48.5	168.962	76	0.997355 0.00133732 nan nan 0.955893 0.0474296 
49.5	181.353	72.5	0.991772 0.00589857 1.02397 0.169257 0.983913 0.219048 
50.5	140.174	69	0.941427 0.161462 nan nan nan nan 
51.5	113.786	65.5	0.997325 0.00519413 nan nan nan nan 
52.5	125.232	62.5	0.992207 0.00896195 nan nan 0.96526 0.0716566 
53.5	125.352	59.5	0.994424 0.00559121 nan nan 0.973354 0.0436261 
54.5	125.271	56.5	0.988633 0.0113438 nan nan nan nan 
55.5	124.335	54	0.97348 0.0219921 0.893348 0.430702 nan nan 
56.5	119.559	51.5	0.995497 0.00291232 nan nan 0.938028 0.0833308 
57.5	124.97	48.5	0.989374 0.00514616 nan nan 0.978708 0.0691799 
58.5	123.947	46	0.984613 0.0100192 nan nan nan nan 
59.5	128.656	43.5	0.986193 0.0161334 nan nan nan nan 
60.5	nan	41	nan nan nan nan nan nan 
61.5	nan	39	nan nan nan nan nan nan 
62.5	nan	37	nan nan nan nan nan nan 
63.5	nan	35	nan nan nan nan nan nan 
64.5	nan	33	nan nan nan nan nan nan 
65.5	nan	31	nan nan nan nan nan nan 
66.5	nan	29	nan nan nan nan nan nan 
67.5	nan	27	nan nan nan nan nan nan 
68.5	nan	25	nan nan nan nan nan nan 
69.5	nan	23.5	nan nan nan nan nan nan 
70.5	nan	22	nan nan nan nan nan nan 
71.5	nan	20.5	nan nan nan nan nan nan 
72.5	nan	19	nan nan nan nan nan nan 
73.5	nan	17.5	nan nan nan nan nan nan 
74.5	nan	16.5	nan nan nan nan nan nan 
75.5	nan	15.5	nan nan nan nan nan nan 
76.5	nan	14	nan nan nan nan nan nan 
77.5	nan	12.5	nan nan nan nan nan nan 
78.5	nan	11.5	nan nan nan nan nan nan 
79.5	nan	10.5	nan nan nan nan nan nan 
80.5	nan	9.5	nan nan nan nan nan nan 
81.5	nan	9	nan nan nan nan nan nan 
82.5	nan	8.5	nan nan nan nan nan nan 
83.5	nan	7.5	nan nan nan nan nan nan 
84.5	nan	6.5	nan nan nan nan nan nan 
85.5	nan	6	nan nan nan nan nan nan 
86.5	nan	5.5	nan nan nan nan nan nan 
87.5	nan	5	nan nan nan nan nan nan 
88.5	nan	4.5	nan nan nan nan nan nan 
89.5	nan	4	nan nan nan nan nan nan 
90.5	nan	3.5	nan nan nan nan nan nan 
91.5	nan	3	nan nan nan nan nan nan 
92.5	nan	3	nan nan nan nan nan nan 
93.5	nan	2.5	nan nan nan nan nan nan 
94.5	nan	2	nan nan nan nan nan nan 
95.5	nan	2	nan nan nan nan nan nan 
96.5	nan	1.5	nan nan nan nan nan nan 
97.5	nan	1	nan nan nan nan nan nan 
98.5	nan	1	nan nan nan nan nan nan 
99.5	nan	0	nan nan nan nan nan nan 
