Cent%	 dNdy	 Npart	 v1{2} err	 v2{2} err	 v3{2} err	 v4{2} err 	 v5{2} err 	 v6{2} err
0.5	724.117	252.5	0.00862388 0.000613298	 0.0347887 0.00119216	 0.0249624 0.000976318	 0.0147303 0.000588147	 0.00705051 0.000231912	 0.00386091 0.000150154	 
1.5	670.124	244.5	0.00804004 0.000462932	 0.0372825 0.00130749	 0.0260545 0.000944974	 0.0135205 0.000488211	 0.00668936 0.000249548	 0.00365945 0.000142141	 
2.5	640.396	239	0.00860147 0.000492888	 0.0394109 0.0012938	 0.0263095 0.000867679	 0.0143528 0.00060958	 0.00664192 0.000218989	 0.00352982 0.000128033	 
3.5	614.986	233	0.0083764 0.000509349	 0.0412409 0.00172101	 0.0261059 0.00104407	 0.0146952 0.000582639	 0.00716035 0.00026614	 0.0036024 0.000145467	 
4.5	587.037	227	0.00791913 0.000434837	 0.0426556 0.00139167	 0.0273495 0.00107136	 0.0151841 0.000522929	 0.00742576 0.000258147	 0.00388904 0.000159654	 
5.5	567.251	221	0.00918809 0.000522005	 0.0403081 0.00158862	 0.0296055 0.00116285	 0.0162489 0.000627509	 0.00766333 0.000263599	 0.00377265 0.00016364	 
6.5	545.991	215	0.00920588 0.000626201	 0.0465817 0.0015843	 0.02956 0.00112802	 0.0168517 0.000596435	 0.00786993 0.000293875	 0.00419831 0.000152302	 
7.5	525.359	209	0.00956347 0.000609358	 0.0484982 0.00161896	 0.0299573 0.00121323	 0.0167045 0.000625719	 0.00739695 0.000286729	 0.00399642 0.000147958	 
8.5	505.869	203	0.00996173 0.000557452	 0.0510231 0.00151854	 0.0297871 0.00105007	 0.0173506 0.000524502	 0.00758733 0.000225436	 0.00392275 0.000133573	 
9.5	486.527	197	0.00900551 0.000491768	 0.0524795 0.00184922	 0.0337031 0.0012863	 0.0161975 0.000625231	 0.0079012 0.00029703	 0.00386717 0.000130116	 
10.5	469.011	191	0.0106347 0.000556249	 0.0555594 0.00202938	 0.0313719 0.00102417	 0.0167286 0.000616364	 0.00830324 0.000285196	 0.00403726 0.000163806	 
11.5	448.756	185	0.00985927 0.000478114	 0.0561446 0.00184915	 0.0308151 0.00112417	 0.0167423 0.000574572	 0.00802843 0.00030107	 0.00414676 0.000167994	 
12.5	432.554	179.5	0.00929353 0.000421077	 0.0585321 0.00184875	 0.0322094 0.00118156	 0.0172951 0.000662697	 0.00841214 0.000338683	 0.00400828 0.00015763	 
13.5	415.406	174	0.0113761 0.00063155	 0.0598357 0.00213268	 0.0318689 0.00106913	 0.0168097 0.000649281	 0.00791091 0.000288205	 0.00411823 0.000153061	 
14.5	401.104	168.5	0.0120511 0.0006156	 0.0614352 0.0018166	 0.0356713 0.00128843	 0.0173701 0.000573777	 0.00806358 0.000329672	 0.00446609 0.00017474	 
15.5	386.831	163.5	0.0114924 0.000688053	 0.0654175 0.002097	 0.0344073 0.00131092	 0.0178772 0.00057463	 0.00864938 0.000315641	 0.00428097 0.000182226	 
16.5	370.076	158.5	0.0109014 0.000556474	 0.0621908 0.00190991	 0.03458 0.00122369	 0.0175342 0.000608519	 0.00759638 0.000288298	 0.00415069 0.000141902	 
17.5	359.103	153.5	0.0124869 0.000730611	 0.0665907 0.00223023	 0.0342378 0.00114713	 0.0160538 0.000618042	 0.00823432 0.000341357	 0.00446245 0.000171168	 
18.5	344.821	148.5	0.0118578 0.000613955	 0.0693164 0.00220919	 0.0363124 0.00136518	 0.018069 0.000637087	 0.00874802 0.000327169	 0.00473309 0.000177559	 
19.5	330.437	143.5	0.0138742 0.000751682	 0.0718142 0.00224544	 0.0334821 0.00146936	 0.0168455 0.000604325	 0.008962 0.000355173	 0.00477354 0.000176033	 
20.5	318.936	139	0.0144597 0.000795041	 0.0722317 0.0024531	 0.0347422 0.00129549	 0.0186682 0.000730076	 0.00822582 0.000361915	 0.00476191 0.000166351	 
21.5	303.515	134.5	0.0133129 0.000743224	 0.074332 0.00254588	 0.0358107 0.00126567	 0.0182949 0.000657305	 0.00828668 0.000289377	 0.00431691 0.000206843	 
22.5	292.246	130	0.0131175 0.000847356	 0.0756048 0.00224274	 0.0360195 0.00134039	 0.0171059 0.000625853	 0.00857798 0.000322228	 0.00454804 0.000165131	 
23.5	281.209	125.5	0.0118134 0.000603032	 0.0756698 0.00233602	 0.0362578 0.00126643	 0.0168011 0.000548	 0.00845441 0.000313111	 0.00477549 0.000188356	 
24.5	269.09	121	0.0142048 0.000981069	 0.0772283 0.00234162	 0.0341979 0.00118702	 0.0169999 0.000572584	 0.00857052 0.000310244	 0.00437045 0.000160221	 
25.5	258.016	117	0.014608 0.000737837	 0.0806445 0.00239377	 0.0330932 0.00119092	 0.0175828 0.000585622	 0.00839053 0.00030474	 0.0045801 0.000176991	 
26.5	245.41	113	0.0140619 0.000781768	 0.0815572 0.00223653	 0.0365283 0.0012199	 0.0182903 0.000616223	 0.00849544 0.000319703	 0.00457605 0.000146794	 
27.5	237.334	109	0.0149099 0.000901057	 0.0771036 0.00237067	 0.0374245 0.00132318	 0.0187718 0.000640343	 0.00890824 0.00036328	 0.00475556 0.000197184	 
28.5	226.855	105	0.0148294 0.000732847	 0.0796988 0.00236381	 0.0377307 0.00141103	 0.0183303 0.00062831	 0.00864562 0.000312815	 0.00448381 0.000180744	 
29.5	217.196	101.5	0.0145708 0.000715884	 0.0852311 0.00266977	 0.034037 0.00108355	 0.0179418 0.000687006	 0.00857452 0.000323989	 0.00466655 0.000159806	 
30.5	209.496	98	0.0159383 0.000859289	 0.0840119 0.00242235	 0.0353047 0.00122722	 0.0172643 0.000598578	 0.0090815 0.000327806	 0.00438076 0.000152314	 
31.5	198.718	94.5	0.0156991 0.000878064	 0.0823637 0.0023299	 0.0354022 0.00114168	 0.0182442 0.000615092	 0.00880366 0.000296338	 0.00475544 0.0001777	 
32.5	190.452	91	0.0164 0.000825396	 0.0851207 0.0025797	 0.0356816 0.00115879	 0.0177901 0.000610259	 0.00863398 0.000291769	 0.00427323 0.000156812	 
33.5	181.607	87.5	0.0159216 0.00100086	 0.090602 0.00242719	 0.0368985 0.0012806	 0.0188194 0.000661595	 0.0087544 0.000349944	 0.0047054 0.000196848	 
34.5	173.142	84.5	0.0156093 0.00109944	 0.0891556 0.00264701	 0.0351281 0.00149885	 0.0183701 0.000657532	 0.00855078 0.000317804	 0.00440266 0.000159781	 
35.5	165.828	81	0.0146498 0.000769842	 0.0859709 0.00252051	 0.0354087 0.00117571	 0.0171503 0.000674402	 0.00865426 0.0003182	 0.00434173 0.000172676	 
36.5	160.154	77.5	0.015459 0.000948182	 0.085619 0.00295105	 0.0367481 0.00125551	 0.0160168 0.000698633	 0.00877569 0.00037592	 0.00431746 0.000186981	 
37.5	152.627	74.5	0.017166 0.00104851	 0.088069 0.00287488	 0.0349831 0.00131899	 0.0179651 0.000772014	 0.00870048 0.000361158	 0.00475664 0.000185224	 
38.5	145.308	71.5	0.0184168 0.00112225	 0.0884233 0.00250364	 0.0345285 0.00118829	 0.0177376 0.000650705	 0.00888731 0.000322836	 0.00468171 0.000183505	 
39.5	137.376	69	0.0166755 0.000948418	 0.0915077 0.00245739	 0.035651 0.00128303	 0.0171859 0.000623096	 0.00927744 0.00034494	 0.00454835 0.000196886	 
40.5	131.622	66.5	0.0181517 0.00104483	 0.0913858 0.00262303	 0.0346871 0.00132173	 0.0170422 0.000684193	 0.00868073 0.000342226	 0.0044981 0.000180014	 
41.5	125.982	63.5	0.0193921 0.00117613	 0.0873029 0.00269016	 0.0371069 0.00121186	 0.0172892 0.000716916	 0.00873168 0.000362247	 0.00469231 0.000230026	 
42.5	118.446	61	0.0174851 0.00104764	 0.092104 0.00256542	 0.035147 0.00108931	 0.017143 0.000585938	 0.00855593 0.00035693	 0.00420619 0.000183258	 
43.5	112.753	58.5	0.0175756 0.000957545	 0.090504 0.00291595	 0.0353167 0.00131951	 0.0171427 0.000624534	 0.00754327 0.000267029	 0.00434489 0.000190149	 
44.5	108.114	56	0.0186136 0.00141449	 0.0943157 0.00308942	 0.0340091 0.00118702	 0.0186275 0.000819598	 0.00876846 0.000433751	 0.00468198 0.000247358	 
45.5	102.585	53.5	0.0185401 0.00114401	 0.0933297 0.00263583	 0.0330754 0.00110871	 0.0177527 0.000713778	 0.00818337 0.000291969	 0.00430455 0.000190809	 
46.5	96.941	51	0.0188928 0.00123869	 0.0964495 0.0028486	 0.0332517 0.00116622	 0.0186191 0.000764733	 0.00884182 0.000335276	 0.00461869 0.00024117	 
47.5	91.7766	49	0.018385 0.00101193	 0.0952196 0.00302881	 0.0329089 0.00131207	 0.0178267 0.000733958	 0.00786375 0.000278521	 0.00435149 0.000188474	 
48.5	87.3457	47	0.0171227 0.00101908	 0.0901498 0.00270286	 0.0325461 0.00108749	 0.0166097 0.000624253	 0.00800118 0.000283965	 0.00402199 0.000164062	 
49.5	83.2205	44.5	0.0195975 0.00117491	 0.0911379 0.00281752	 0.0313358 0.00118398	 0.0165904 0.000641484	 0.00769943 0.00030783	 0.00385286 0.00016865	 
50.5	78.3371	42	0.01928 0.00105208	 0.0920034 0.00265481	 0.0328525 0.00117541	 0.0164965 0.000706615	 0.00790824 0.000284329	 0.00422978 0.000196858	 
51.5	74.9621	40	0.0222633 0.00142697	 0.0916104 0.00324175	 0.0320833 0.00112932	 0.0179225 0.000916108	 0.00778813 0.000291605	 0.00404935 0.000209476	 
52.5	70.651	38.5	0.0203907 0.00125491	 0.0953035 0.0026428	 0.0278556 0.00113039	 0.0176279 0.000732242	 0.00735614 0.000284946	 0.00418372 0.000193365	 
53.5	65.3287	37	0.0183551 0.00112441	 0.0975629 0.00307459	 0.0293616 0.00102208	 0.017918 0.000760321	 0.00713715 0.000292174	 0.00422327 0.00021096	 
54.5	61.5891	35	0.0164073 0.000966601	 0.0906339 0.00273033	 0.0281057 0.00101292	 0.0166873 0.000720045	 0.00749644 0.000309736	 0.0037733 0.000186849	 
55.5	58.766	33	0.0211347 0.00129234	 0.0914078 0.00273247	 0.029885 0.00103052	 0.0156163 0.000660573	 0.00733277 0.000284421	 0.00364286 0.00016251	 
56.5	55.971	31.5	0.0216555 0.00124994	 0.0915593 0.00335281	 0.0272169 0.00119941	 0.0178895 0.000824646	 0.00662668 0.000247191	 0.00389954 0.000212856	 
57.5	52.63	30	0.0188083 0.00106344	 0.0871713 0.00259358	 0.0268346 0.00108352	 0.0155357 0.000634906	 0.00614581 0.000255765	 0.00350272 0.000160212	 
58.5	48.7511	28.5	0.017789 0.000983146	 0.0887275 0.00280921	 0.027023 0.00105044	 0.0155973 0.000814698	 0.00638891 0.000247332	 0.00345916 0.000204079	 
59.5	46.1828	27	0.0173454 0.000976509	 0.0904454 0.00291634	 0.0256293 0.000928783	 0.0161044 0.000735234	 0.00638694 0.000265229	 0.00326915 0.000152109	 
60.5	43.9509	25.5	0.0194246 0.00105491	 0.0889161 0.00257541	 0.0251935 0.00091846	 0.0156296 0.00070485	 0.00644646 0.000257884	 0.00358114 0.000163724	 
61.5	41.4138	24	0.0207347 0.00120974	 0.0895687 0.00277414	 0.0228158 0.000855937	 0.0153135 0.000645258	 0.00578705 0.000226481	 0.00354964 0.000181123	 
62.5	38.5163	22.5	0.0175924 0.000936688	 0.08959 0.00279762	 0.0232698 0.000890898	 0.016143 0.000766363	 0.00604291 0.000244174	 0.003506 0.000172552	 
63.5	36.1717	21.5	0.0175399 0.00106668	 0.0829003 0.00253018	 0.0225264 0.000904945	 0.0139835 0.000644702	 0.00563723 0.000224319	 0.0029364 0.000152036	 
64.5	34.0805	20.5	0.0202575 0.00121956	 0.0907198 0.00253293	 0.0208022 0.000859918	 0.0152663 0.000665112	 0.0057854 0.000236106	 0.00340101 0.000206293	 
65.5	31.9586	19	0.0180465 0.00124119	 0.0807347 0.00305579	 0.0210053 0.000912023	 0.0131093 0.000764621	 0.00504262 0.000244438	 0.00281758 0.000168978	 
66.5	30.341	17.5	0.0158443 0.000869423	 0.07975 0.00268493	 0.0197231 0.000891671	 0.0134002 0.000591075	 0.00479409 0.000195044	 0.00294785 0.000159868	 
67.5	28.0181	16.5	0.0162391 0.00107478	 0.0824033 0.00275413	 0.0177552 0.00072829	 0.0138451 0.000703612	 0.00437853 0.00019758	 0.0029602 0.000160774	 
68.5	26.5857	15.5	0.0175694 0.00105294	 0.0741518 0.00246564	 0.0190619 0.000752548	 0.0130798 0.000557925	 0.00507934 0.000223954	 0.00271404 0.000119105	 
69.5	24.7291	14.5	0.0165635 0.000932602	 0.0718633 0.00259107	 0.0163228 0.000636732	 0.0113072 0.000554267	 0.00416408 0.000227535	 0.00225104 0.0001169	 
70.5	22.603	13.5	0.0157646 0.000980049	 0.0737647 0.00245489	 0.0164028 0.000734155	 0.012283 0.000614645	 0.00428369 0.000197893	 0.00250881 0.000140538	 
71.5	20.9116	13	0.0158981 0.000942058	 0.0673583 0.00247287	 0.016897 0.0007174	 0.0109003 0.000532402	 0.00419437 0.000185851	 0.00220066 0.000121132	 
72.5	19.3311	12.5	0.0144873 0.000958468	 0.0692735 0.0025483	 0.0147345 0.000742751	 0.0111918 0.000581546	 0.00360432 0.000200695	 0.00196983 0.000127676	 
73.5	17.9692	11.5	0.0153364 0.000982096	 0.0668099 0.00260829	 0.0145509 0.000713003	 0.0108808 0.000555329	 0.00336765 0.000161578	 0.00201939 0.000106643	 
74.5	16.3456	10.5	0.0128721 0.000755498	 0.0608486 0.00253954	 0.0122168 0.000528476	 0.00968886 0.000550516	 0.00310989 0.000184365	 0.00176962 0.000105139	 
75.5	15.164	10	0.0141106 0.000858433	 0.059569 0.00258578	 0.0129874 0.00070597	 0.0097433 0.000527872	 0.00301102 0.000176415	 0.00177592 0.00010682	 
76.5	13.7485	9.5	0.0130178 0.000830718	 0.0610461 0.00248637	 0.0120717 0.000543925	 0.00961475 0.000567964	 0.00285233 0.00018227	 0.00173109 0.00010684	 
77.5	12.5312	8.5	0.0130541 0.000770402	 0.0528755 0.0025027	 0.0112399 0.000574379	 0.00792259 0.000511329	 0.00247146 0.000153415	 0.00157986 9.1938e-05	 
78.5	11.563	8	0.0129741 0.00101407	 0.0539492 0.002748	 0.0099798 0.00049115	 0.00785671 0.000544093	 0.00223258 0.000133625	 0.00143119 8.95147e-05	 
79.5	10.528	7.5	0.0125862 0.000649932	 0.0509554 0.00237955	 0.010445 0.000516429	 0.00689728 0.000379915	 0.00224856 0.000129709	 0.00130151 7.70774e-05	 
80.5	9.59951	7	0.0122135 0.000787376	 0.0458806 0.00269247	 0.00829076 0.000515522	 0.00631729 0.000504472	 0.00172258 0.000108643	 0.00126425 8.22649e-05	 
81.5	8.73838	6.5	0.0120121 0.0010824	 0.0397295 0.0023953	 0.00812862 0.000518452	 0.0054206 0.000419048	 0.00155052 9.7896e-05	 0.00110688 7.10472e-05	 
82.5	7.85775	6	0.0117275 0.000746321	 0.0402639 0.00255616	 0.00749231 0.000435175	 0.00511933 0.000433094	 0.00147468 0.000109145	 0.000981597 6.23057e-05	 
83.5	7.07603	5.5	0.0099211 0.00069836	 0.0403534 0.00243683	 0.00721307 0.000492981	 0.00477377 0.000360965	 0.00128846 9.57564e-05	 0.000994913 7.28971e-05	 
84.5	6.43721	5	0.010971 0.00081925	 0.0339576 0.00234939	 0.00605889 0.000476663	 0.00341528 0.000272653	 0.00108984 8.24579e-05	 0.000753149 5.20819e-05	 
85.5	5.69062	4.5	0.00868722 0.000702857	 0.0317899 0.00227331	 0.00568857 0.000435906	 0.00258556 0.000207666	 0.000768069 8.48118e-05	 0.000607154 4.32226e-05	 
86.5	5.103	4	0.00930482 0.000692461	 0.0329951 0.00233774	 0.00451519 0.000320779	 0.00282867 0.00025019	 0.000701663 5.41739e-05	 0.00062712 4.31324e-05	 
87.5	4.53568	4	0.00777666 0.000668056	 0.0256107 0.00206364	 0.004009 0.000353654	 0.00201799 0.000187824	 0.00058704 5.27196e-05	 0.000547957 4.1012e-05	 
88.5	3.99631	4	0.00671443 0.000643333	 0.025154 0.00207098	 0.00315421 0.000276273	 0.00189042 0.000233829	 0.000452182 3.65885e-05	 0.000504311 4.19487e-05	 
89.5	3.47557	3.5	0.0061465 0.000553159	 0.0237524 0.00176838	 0.00285092 0.00027818	 0.00124511 0.000120999	 0.000361718 3.29538e-05	 0.000414126 3.23987e-05	 
90.5	3.35477	3	0.000985156 0.000669289	 0.00157469 0.00115566	 0.000408909 0.000281362	 0.000187859 0.000137233	 8.11429e-05 5.22543e-05	 2.2744e-05 1.5974e-05	 
91.5	nan	3	nan nan	 nan nan	 nan nan	 nan nan	 nan nan	 nan nan	 
92.5	nan	2.5	nan nan	 nan nan	 nan nan	 nan nan	 nan nan	 nan nan	 
93.5	nan	2	nan nan	 nan nan	 nan nan	 nan nan	 nan nan	 nan nan	 
94.5	nan	2	nan nan	 nan nan	 nan nan	 nan nan	 nan nan	 nan nan	 
95.5	nan	2	nan nan	 nan nan	 nan nan	 nan nan	 nan nan	 nan nan	 
96.5	nan	2	nan nan	 nan nan	 nan nan	 nan nan	 nan nan	 nan nan	 
97.5	nan	2	nan nan	 nan nan	 nan nan	 nan nan	 nan nan	 nan nan	 
98.5	nan	2	nan nan	 nan nan	 nan nan	 nan nan	 nan nan	 nan nan	 
99.5	nan	0	nan nan	 nan nan	 nan nan	 nan nan	 nan nan	 nan nan	 
