Cent%	 dNdy	 Npart	 v1{4}^4 err	 v2{4}^4 err	 v3{4}^4 err	 v4{4}^4 err 	 v5{4}^4 err 	 v6{4}^4 err
0.5	724.117	252.5	-1.32889e-08 5.54884e-09	2.84956e-07 1.47796e-07	-1.76694e-08 6.02469e-08	-4.16973e-09 8.61784e-09	6.37262e-10 2.28701e-10	-7.62556e-12 3.30913e-11	
1.5	670.124	244.5	-5.79426e-09 2.77011e-09	2.01344e-07 2.46219e-07	1.91792e-08 4.70605e-08	1.67974e-09 3.80364e-09	-2.65428e-11 2.69592e-10	-1.75589e-11 2.45107e-11	
2.5	640.396	239	-7.22846e-09 2.66924e-09	5.59763e-07 2.87702e-07	1.07366e-07 4.98864e-08	-1.16849e-08 1.69006e-08	4.36024e-10 2.0457e-10	9.69816e-12 1.81445e-11	
3.5	614.986	233	-5.9177e-09 2.18203e-09	-1.29278e-07 3.93713e-07	1.86525e-08 6.04067e-08	2.57822e-09 5.27569e-09	4.45914e-10 2.96097e-10	3.41586e-12 1.87825e-11	
4.5	587.037	227	-4.13048e-09 1.60267e-09	8.95405e-07 3.69569e-07	-2.72554e-08 8.9508e-08	9.94376e-09 5.63893e-09	5.22103e-10 3.04459e-10	-3.48145e-11 3.24159e-11	
5.5	567.251	221	-7.87111e-09 2.85313e-09	-4.71768e-08 3.91616e-07	-1.04009e-08 9.22523e-08	1.47936e-09 9.0296e-09	7.65219e-10 3.74566e-10	-4.70158e-11 3.24932e-11	
6.5	545.991	215	-1.51227e-08 1.04589e-08	9.52323e-07 4.5054e-07	-1.01131e-09 1.15431e-07	1.10235e-08 8.6198e-09	1.59728e-10 7.15136e-10	2.93207e-11 3.87617e-11	
7.5	525.359	209	-1.57006e-08 5.28583e-09	1.109e-06 5.66143e-07	-1.39108e-07 1.34329e-07	-4.64025e-10 8.00677e-09	-2.23352e-10 4.49063e-10	4.4678e-12 2.57893e-11	
8.5	505.869	203	-1.30403e-08 5.09828e-09	2.27285e-06 6.21522e-07	5.52423e-08 8.85578e-08	2.84783e-08 8.66977e-09	1.11962e-09 3.03751e-10	3.1083e-11 2.3011e-11	
9.5	486.527	197	-5.52745e-09 2.13252e-09	1.72975e-06 7.64469e-07	1.23979e-07 1.77272e-07	5.18603e-09 7.72831e-09	4.75242e-10 4.21116e-10	6.61879e-11 2.36463e-11	
10.5	469.011	191	-1.46777e-08 3.67423e-09	-4.72472e-07 1.80612e-06	1.54104e-07 9.53593e-08	-5.4492e-09 9.82837e-09	3.28391e-10 4.87173e-10	-7.83066e-11 4.25515e-11	
11.5	448.756	185	-5.46379e-09 1.61259e-09	2.67626e-06 9.98943e-07	9.38415e-08 1.11654e-07	1.6304e-08 8.84658e-09	2.26314e-10 5.56567e-10	-2.97494e-11 5.56423e-11	
12.5	432.554	179.5	-3.3226e-09 9.86528e-10	3.4758e-06 1.06674e-06	5.54531e-08 1.23357e-07	-3.0286e-09 1.24528e-08	-7.02362e-10 7.92894e-10	-2.28666e-11 3.55059e-11	
13.5	415.406	174	-1.97803e-08 6.65717e-09	1.23064e-06 2.1302e-06	2.03414e-07 1.0907e-07	-4.96264e-09 1.04142e-08	2.11805e-10 4.44545e-10	4.37118e-12 3.32452e-11	
14.5	401.104	168.5	-2.23237e-08 5.84142e-09	4.35651e-06 1.33754e-06	-5.31656e-08 2.27594e-07	1.22812e-08 9.77553e-09	-1.35864e-09 7.44332e-10	-8.3855e-11 7.45499e-11	
15.5	386.831	163.5	-2.54114e-08 9.50519e-09	5.25745e-06 1.75951e-06	-5.42096e-09 2.26307e-07	2.89186e-08 9.81018e-09	4.3927e-10 7.35025e-10	-8.34677e-11 9.46774e-11	
16.5	370.076	158.5	-1.03502e-08 4.20554e-09	5.51391e-06 1.44343e-06	2.31723e-07 1.49341e-07	1.83124e-08 9.93418e-09	1.24241e-10 3.96647e-10	6.46571e-11 2.96833e-11	
17.5	359.103	153.5	-2.8565e-08 1.09649e-08	5.51323e-06 1.93392e-06	3.83656e-07 1.34176e-07	3.47958e-09 1.09391e-08	-4.61597e-10 5.35031e-10	2.27315e-11 4.52166e-11	
18.5	344.821	148.5	-1.90893e-08 5.81596e-09	5.79239e-06 2.17139e-06	-7.07642e-08 2.19749e-07	8.99369e-09 1.20584e-08	-1.71908e-10 8.33141e-10	-1.7885e-11 6.84383e-11	
19.5	330.437	143.5	-3.748e-08 1.04247e-08	8.66137e-06 2.62959e-06	-4.02445e-07 3.21502e-07	9.05298e-09 8.10941e-09	-5.28478e-10 7.43226e-10	3.32767e-11 6.26742e-11	
20.5	318.936	139	-4.65411e-08 1.97558e-08	5.56779e-06 2.77481e-06	6.19927e-08 1.4919e-07	-6.22768e-09 1.77833e-08	-1.49912e-09 1.09332e-09	8.14762e-11 5.22314e-11	
21.5	303.515	134.5	-3.0543e-08 9.62838e-09	7.70086e-06 3.04012e-06	3.37711e-07 2.31997e-07	1.98966e-08 1.12968e-08	1.04897e-09 4.7154e-10	-1.57332e-10 1.0608e-10	
22.5	292.246	130	-6.05156e-08 2.49089e-08	1.13381e-05 2.95807e-06	-4.06425e-08 2.45947e-07	7.32656e-10 1.07025e-08	-2.35239e-10 7.58537e-10	1.01304e-11 4.3735e-11	
23.5	281.209	125.5	-1.53004e-08 5.46749e-09	1.12209e-05 3.04356e-06	2.75965e-07 1.74461e-07	2.119e-08 7.65897e-09	2.79992e-10 5.64671e-10	-3.68772e-11 6.69478e-11	
24.5	269.09	121	-1.00463e-07 4.68135e-08	1.13178e-05 3.01781e-06	1.46196e-07 1.41685e-07	1.33045e-08 8.55205e-09	1.60213e-10 6.20394e-10	1.73707e-12 4.00541e-11	
25.5	258.016	117	-3.66415e-08 1.83878e-08	1.56856e-05 3.89654e-06	9.31295e-08 1.51733e-07	1.99385e-08 9.31187e-09	2.97765e-10 5.25318e-10	-2.78267e-11 6.21292e-11	
26.5	245.41	113	-5.83319e-08 1.93341e-08	1.71381e-05 3.93377e-06	1.66095e-07 1.82479e-07	8.65606e-09 1.08882e-08	-7.78082e-10 8.13599e-10	7.14153e-11 3.93545e-11	
27.5	237.334	109	-7.66407e-08 4.11601e-08	1.16156e-05 3.31066e-06	2.23906e-07 2.1804e-07	2.17903e-08 1.7471e-08	-1.10475e-09 1.00948e-09	-1.09796e-10 9.50793e-11	
28.5	226.855	105	-3.54068e-08 1.35287e-08	1.50065e-05 3.88794e-06	8.09884e-09 2.34211e-07	1.83728e-08 1.46084e-08	3.78438e-10 7.4821e-10	-6.20728e-11 9.42415e-11	
29.5	217.196	101.5	-3.1806e-08 8.56208e-09	1.60223e-05 4.93185e-06	3.77521e-07 1.38443e-07	-4.09148e-09 1.08162e-08	-6.48827e-11 6.27095e-10	7.96237e-11 4.54672e-11	
30.5	209.496	98	-6.91606e-08 2.03211e-08	2.0058e-05 4.59206e-06	2.08238e-07 1.72745e-07	1.21898e-08 8.89703e-09	4.4767e-10 6.90305e-10	4.90149e-11 3.74894e-11	
31.5	198.718	94.5	-9.26518e-08 4.37002e-08	1.58978e-05 3.71806e-06	2.35757e-07 1.77921e-07	7.91177e-09 1.09022e-08	4.50468e-10 7.0146e-10	-7.12715e-11 6.34481e-11	
32.5	190.452	91	-6.8497e-08 2.36198e-08	1.52417e-05 6.48854e-06	2.99377e-07 1.65073e-07	9.04067e-09 9.65906e-09	6.50438e-10 5.52032e-10	-1.33496e-11 3.75111e-11	
33.5	181.607	87.5	-1.25232e-07 5.0291e-08	3.07047e-05 5.55955e-06	1.64331e-07 2.11228e-07	8.08395e-09 1.31388e-08	-1.21332e-09 9.60727e-10	-1.54678e-10 1.57824e-10	
34.5	173.142	84.5	-1.41641e-07 9.35146e-08	2.41026e-05 5.75278e-06	-4.10545e-07 4.20649e-07	1.16949e-08 1.32402e-08	1.74648e-10 6.60784e-10	2.87897e-11 3.97408e-11	
35.5	165.828	81	-4.06331e-08 1.3979e-08	2.23978e-05 4.85693e-06	3.83855e-07 1.55502e-07	-5.00946e-09 1.13832e-08	4.15305e-10 5.65088e-10	-2.76317e-11 9.85939e-11	
36.5	160.154	77.5	-7.42366e-08 2.46918e-08	1.42829e-05 5.48468e-06	5.07151e-07 1.87208e-07	-1.10771e-08 1.3782e-08	-7.54155e-10 1.48776e-09	-5.21028e-11 9.57768e-11	
37.5	152.627	74.5	-1.23933e-07 4.07764e-08	1.79964e-05 6.33684e-06	9.90535e-08 1.7228e-07	-2.18663e-08 1.94693e-08	-7.47864e-10 7.00193e-10	3.31248e-12 1.01207e-10	
38.5	145.308	71.5	-1.75168e-07 5.05294e-08	2.74941e-05 5.34267e-06	2.67745e-07 1.61469e-07	7.84075e-09 1.27764e-08	5.98119e-10 6.19292e-10	-2.34535e-11 8.92815e-11	
39.5	137.376	69	-9.20342e-08 4.81984e-08	3.53988e-05 6.17725e-06	1.84565e-07 1.97336e-07	8.68218e-09 8.72966e-09	4.04559e-10 1.2121e-09	-1.18899e-10 9.49359e-11	
40.5	131.622	66.5	-1.31579e-07 4.26644e-08	3.10134e-05 6.33367e-06	3.40818e-08 1.86404e-07	-7.04143e-09 1.07452e-08	-2.54818e-10 6.95662e-10	-3.16213e-11 4.71367e-11	
41.5	125.982	63.5	-2.6027e-07 1.01365e-07	1.50126e-05 6.17789e-06	3.16125e-07 1.78957e-07	-2.96221e-08 3.88118e-08	-1.97118e-09 1.29949e-09	-4.12797e-10 3.36936e-10	
42.5	118.446	61	-1.39957e-07 3.68259e-08	3.27384e-05 6.28286e-06	4.96166e-07 1.46125e-07	1.56149e-08 1.03879e-08	-1.15848e-09 9.896e-10	-1.01515e-10 8.20243e-11	
43.5	112.753	58.5	-1.03536e-07 5.38039e-08	1.76523e-05 6.48204e-06	1.72116e-08 1.6491e-07	5.203e-09 1.22338e-08	3.59509e-10 3.24579e-10	-1.25693e-10 7.04062e-11	
44.5	108.114	56	-3.01813e-07 1.76767e-07	2.59552e-05 7.94003e-06	3.18118e-07 1.42181e-07	-2.47455e-08 2.20902e-08	-3.06859e-09 1.91473e-09	-3.4735e-10 2.60629e-10	
45.5	102.585	53.5	-1.94673e-07 8.39119e-08	3.30879e-05 7.20422e-06	2.48405e-07 1.10563e-07	-1.36776e-08 1.34105e-08	4.5977e-10 4.55925e-10	-1.29101e-10 1.1222e-10	
46.5	96.941	51	-2.19522e-07 7.83367e-08	3.80032e-05 8.50209e-06	2.5846e-07 1.25219e-07	-9.61978e-09 1.47901e-08	4.77796e-10 6.70596e-10	-3.33683e-10 1.89544e-10	
47.5	91.7766	49	-1.00634e-07 3.99803e-08	3.01069e-05 8.26958e-06	8.09909e-09 1.23581e-07	-5.84411e-09 1.51991e-08	8.2683e-10 4.51173e-10	-6.0786e-11 6.3203e-11	
48.5	87.3457	47	-1.06053e-07 4.51309e-08	2.81289e-05 6.58637e-06	3.23618e-07 1.24593e-07	7.59982e-09 9.63081e-09	8.05907e-10 4.14957e-10	-1.50063e-11 4.34381e-11	
49.5	83.2205	44.5	-1.99704e-07 7.13977e-08	2.53297e-05 6.65205e-06	5.60328e-08 1.49553e-07	8.95545e-10 8.28228e-09	-1.88794e-10 7.10424e-10	-5.80697e-11 3.23836e-11	
50.5	78.3371	42	-1.6093e-07 6.06055e-08	2.78639e-05 7.24668e-06	7.27273e-08 1.65417e-07	-2.50536e-08 2.13333e-08	2.06435e-10 4.61299e-10	-1.86096e-10 6.36157e-11	
51.5	74.9621	40	-3.95269e-07 1.08307e-07	1.39549e-05 1.00396e-05	2.17256e-07 9.69649e-08	-6.80978e-08 4.27507e-08	3.72403e-10 3.69325e-10	-1.8701e-10 1.31152e-10	
52.5	70.651	38.5	-2.58252e-07 8.57285e-08	4.01915e-05 7.75024e-06	-5.56961e-08 9.80793e-08	-1.41343e-08 1.23599e-08	7.94306e-12 3.30404e-10	-1.26872e-10 7.9396e-11	
53.5	65.3287	37	-1.68548e-07 6.06588e-08	3.02599e-05 9.18235e-06	1.40497e-07 9.0496e-08	-2.08084e-08 1.37206e-08	-3.02856e-10 6.17199e-10	-2.07109e-10 1.5845e-10	
54.5	61.5891	35	-9.04329e-08 2.86178e-08	2.73876e-05 6.59004e-06	9.41747e-08 6.17713e-08	-1.64537e-08 1.42726e-08	-3.5424e-10 5.6675e-10	-1.2016e-10 4.85267e-11	
55.5	58.766	33	-3.06226e-07 1.04044e-07	2.69765e-05 6.59986e-06	1.47208e-07 8.18814e-08	-1.32654e-08 1.03505e-08	-8.52656e-11 3.88291e-10	-6.1283e-11 8.47722e-11	
56.5	55.971	31.5	-2.61682e-07 6.49829e-08	7.92024e-06 6.8774e-06	-1.54144e-07 8.1541e-08	-4.09593e-08 1.9911e-08	1.54006e-10 1.95716e-10	-2.19189e-10 1.1199e-10	
57.5	52.63	30	-1.516e-07 4.9741e-08	2.2054e-05 5.37506e-06	-7.01885e-08 6.01542e-08	-9.44713e-09 8.41375e-09	-2.89498e-10 2.89684e-10	-6.83571e-11 2.29829e-11	
58.5	48.7511	28.5	-1.00942e-07 6.00578e-08	2.06724e-05 7.31718e-06	-2.54214e-09 5.92135e-08	-4.63838e-08 4.55469e-08	6.87766e-12 2.2682e-10	-1.81342e-10 1.446e-10	
59.5	46.1828	27	-1.02637e-07 2.73633e-08	1.97641e-05 6.441e-06	4.76787e-08 4.47719e-08	-2.74054e-08 1.03973e-08	-2.71958e-10 3.25804e-10	-5.26574e-11 2.05695e-11	
60.5	43.9509	25.5	-1.53279e-07 5.35753e-08	2.5257e-05 5.50405e-06	2.37935e-08 6.47416e-08	-2.62039e-08 9.16641e-09	-2.29435e-10 2.66773e-10	-7.78755e-11 4.91091e-11	
61.5	41.4138	24	-2.87207e-07 9.2696e-08	1.75553e-05 6.04034e-06	-1.75541e-08 2.90894e-08	-1.88257e-08 7.5665e-09	-1.76304e-10 1.57557e-10	-1.52356e-10 4.87024e-11	
62.5	38.5163	22.5	-8.61253e-08 2.3593e-08	2.20828e-05 6.25365e-06	3.99828e-09 3.3297e-08	-3.47794e-08 1.38614e-08	-1.30814e-10 1.7286e-10	-9.36108e-11 5.10389e-11	
63.5	36.1717	21.5	-1.65423e-07 4.09081e-08	1.42269e-05 4.30168e-06	-5.33604e-08 3.54892e-08	-2.23418e-08 1.01223e-08	-1.86389e-10 1.26277e-10	-7.36277e-11 3.35705e-11	
64.5	34.0805	20.5	-2.55896e-07 7.75554e-08	3.06274e-05 6.29426e-06	-3.63615e-08 3.37814e-08	-1.77875e-08 9.20989e-09	-1.84382e-10 2.25253e-10	-2.06726e-10 9.28368e-11	
65.5	31.9586	19	-1.74394e-07 5.10295e-08	8.06399e-06 4.89252e-06	-1.26126e-08 2.32479e-08	-2.65085e-08 1.66811e-08	-2.08855e-10 1.26879e-10	-6.30551e-11 4.41857e-11	
66.5	30.341	17.5	-6.47055e-08 1.87382e-08	9.36387e-06 4.22183e-06	-5.74203e-08 2.78769e-08	-1.01089e-08 6.00668e-09	-6.3081e-11 7.26839e-11	-7.33941e-11 3.79461e-11	
67.5	28.0181	16.5	-1.43861e-07 4.47622e-08	9.54775e-06 4.86072e-06	-1.91205e-08 1.04337e-08	-3.02183e-08 9.78175e-09	-1.61133e-10 7.04344e-11	-8.27852e-11 2.50342e-11	
68.5	26.5857	15.5	-1.48135e-07 4.20765e-08	6.22343e-06 2.88203e-06	-1.54426e-08 1.48586e-08	-8.87111e-09 3.57041e-09	-2.58959e-10 1.52356e-10	-2.05388e-11 7.13799e-12	
69.5	24.7291	14.5	-8.48391e-08 3.24782e-08	3.16622e-06 2.89752e-06	-2.12292e-09 9.39724e-09	-1.01508e-08 3.79868e-09	-2.99761e-10 1.8731e-10	-2.09617e-11 6.52996e-12	
70.5	22.603	13.5	-9.38401e-08 4.57057e-08	7.87724e-06 3.22529e-06	-2.32713e-08 1.13148e-08	-1.47755e-08 4.60065e-09	-1.37093e-10 5.35679e-11	-4.18859e-11 1.40708e-11	
71.5	20.9116	13	-1.09676e-07 3.30825e-08	-1.09132e-06 2.09462e-06	-3.29725e-08 1.47104e-08	-1.20648e-08 4.24411e-09	-1.63294e-10 7.65022e-11	-3.14593e-11 1.33289e-11	
72.5	19.3311	12.5	-7.11146e-08 2.9144e-08	4.11963e-06 2.72361e-06	-2.50154e-08 1.11075e-08	-9.88572e-09 2.35546e-09	-1.45881e-10 5.24885e-11	-2.28089e-11 7.45737e-12	
73.5	17.9692	11.5	-1.14496e-07 3.72337e-08	-3.07994e-06 2.13835e-06	-3.6288e-08 1.07779e-08	-1.35414e-08 2.23855e-09	-9.46141e-11 3.26351e-11	-1.82855e-11 4.29248e-12	
74.5	16.3456	10.5	-4.30835e-08 1.44064e-08	-4.27325e-06 1.53694e-06	-9.08307e-09 2.89846e-09	-1.24866e-08 2.70977e-09	-1.51024e-10 6.41586e-11	-1.59961e-11 5.27707e-12	
75.5	15.164	10	-6.8595e-08 2.22938e-08	-5.08521e-06 1.40789e-06	-3.35298e-08 1.58522e-08	-1.05963e-08 2.71883e-09	-1.2524e-10 5.88629e-11	-1.6612e-11 4.96473e-12	
76.5	13.7485	9.5	-5.19021e-08 1.79144e-08	-2.17931e-06 1.55685e-06	-8.74444e-09 3.67092e-09	-1.21122e-08 2.72408e-09	-1.19529e-10 5.39344e-11	-1.4596e-11 5.1094e-12	
77.5	12.5312	8.5	-3.91537e-08 1.58177e-08	-4.10042e-06 9.4272e-07	-1.23276e-08 3.2301e-09	-7.15342e-09 1.4759e-09	-5.92456e-11 2.69896e-11	-8.05201e-12 1.83266e-12	
78.5	11.563	8	-7.85268e-08 2.94065e-08	-5.33993e-06 1.10209e-06	-5.16873e-09 1.50954e-09	-7.57555e-09 1.90704e-09	-3.0591e-11 1.18005e-11	-6.02676e-12 1.96257e-12	
79.5	10.528	7.5	-3.09811e-08 5.30808e-09	-5.60708e-06 9.39977e-07	-1.2433e-08 3.80372e-09	-3.48024e-09 7.71759e-10	-4.51284e-11 1.96628e-11	-5.47754e-12 2.55339e-12	
80.5	9.59951	7	-3.53813e-08 1.12404e-08	-5.1359e-06 8.72113e-07	-6.66013e-09 2.25881e-09	-4.67699e-09 1.62026e-09	-1.29702e-11 4.85357e-12	-4.18073e-12 1.2431e-12	
81.5	8.73838	6.5	-8.72121e-08 3.62558e-08	-3.43054e-06 6.7604e-07	-7.18161e-09 2.44371e-09	-2.48371e-09 6.0441e-10	-9.21762e-12 2.64647e-12	-2.53143e-12 6.0771e-13	
82.5	7.85775	6	-3.42895e-08 9.42902e-09	-4.75353e-06 8.53028e-07	-4.25877e-09 9.86437e-10	-2.69944e-09 7.67239e-10	-1.29482e-11 7.66224e-12	-1.66811e-12 4.77655e-13	
83.5	7.07603	5.5	-2.53648e-08 8.19404e-09	-4.4774e-06 8.11647e-07	-6.51655e-09 2.81301e-09	-1.65734e-09 3.23266e-10	-8.30852e-12 3.2471e-12	-2.86351e-12 8.51144e-13	
84.5	6.43721	5	-3.60625e-08 8.83678e-09	-2.67292e-06 4.26838e-07	-3.85658e-09 1.07437e-09	-4.05654e-10 9.52146e-11	-3.59899e-12 1.55646e-12	-6.4245e-13 1.65614e-13	
85.5	5.69062	4.5	-1.94299e-08 1.06846e-08	-2.56298e-06 5.7663e-07	-3.16184e-09 7.52874e-10	-1.51584e-10 4.95445e-11	-2.37311e-12 2.01555e-12	-3.3476e-13 1.18057e-13	
86.5	5.103	4	-2.0907e-08 5.80715e-09	-2.90451e-06 5.35181e-07	-1.01812e-09 3.26386e-10	-2.75817e-10 9.15826e-11	-7.35096e-13 3.66466e-13	-3.47156e-13 9.47531e-14	
87.5	4.53568	4	-1.38416e-08 4.66112e-09	-1.3918e-06 3.33946e-07	-1.04321e-09 3.52539e-10	-7.6363e-11 2.41476e-11	-4.95247e-13 2.41182e-13	-2.39879e-13 6.24285e-14	
88.5	3.99631	4	-1.01381e-08 4.50504e-09	-1.40106e-06 3.26939e-07	-3.99726e-10 1.60232e-10	-1.13017e-10 4.86091e-11	-1.3932e-13 4.11068e-14	-2.31394e-13 6.90854e-14	
89.5	3.47557	3.5	-6.77885e-09 2.12578e-09	-9.4682e-07 2.18983e-07	-3.76685e-10 1.49751e-10	-1.36676e-11 4.28893e-12	-8.23135e-14 4.40063e-14	-9.9564e-14 2.18195e-14	
90.5	3.35477	3	3.16881e-14 2.59688e-12	2.82973e-14 1.73311e-11	7.62757e-16 7.74576e-14	7.02326e-18 3.50777e-15	2.85385e-18 1.16545e-16	4.88403e-21 7.4648e-19	
91.5	nan	3	nan nan	nan nan	nan nan	nan nan	nan nan	nan nan	
92.5	nan	2.5	nan nan	nan nan	nan nan	nan nan	nan nan	nan nan	
93.5	nan	2	nan nan	nan nan	nan nan	nan nan	nan nan	nan nan	
94.5	nan	2	nan nan	nan nan	nan nan	nan nan	nan nan	nan nan	
95.5	nan	2	nan nan	nan nan	nan nan	nan nan	nan nan	nan nan	
96.5	nan	2	nan nan	nan nan	nan nan	nan nan	nan nan	nan nan	
97.5	nan	2	nan nan	nan nan	nan nan	nan nan	nan nan	nan nan	
98.5	nan	2	nan nan	nan nan	nan nan	nan nan	nan nan	nan nan	
99.5	nan	0	nan nan	nan nan	nan nan	nan nan	nan nan	nan nan	
