Cent%	 dNdy	 Npart	 v2{4}/v2{2} err	 v3{4}/v3{2} err	 v4{4}/v4{2} err
0.5	724.117	252.5	0.664134 0.0738367	-0.461869 0.425448	-0.545526 0.197324	
1.5	670.124	244.5	0.568171 0.158577	0.451673 0.260572	0.473499 0.253518	
2.5	640.396	239	0.69404 0.0846752	0.688025 0.0724724	-0.724388 0.154718	
3.5	614.986	233	-0.459783 0.325144	0.447657 0.325158	0.484903 0.238505	
4.5	587.037	227	0.721156 0.0668943	-0.469802 0.281349	0.657654 0.0842825	
5.5	567.251	221	-0.365628 0.534641	-0.34111 0.781068	0.381676 0.501702	
6.5	545.991	215	0.670627 0.0687302	-0.190773 1.33958	0.608047 0.110985	
7.5	525.359	209	0.669125 0.0763987	-0.644668 0.184907	-0.277845 0.888237	
8.5	505.869	203	0.760985 0.0374871	0.514682 0.194677	0.748709 0.0421199	
9.5	486.527	197	0.691045 0.0648004	0.556759 0.179393	0.523913 0.187371	
10.5	469.011	191	-0.471886 0.235806	0.631557 0.0917713	-0.513598 0.281967	
11.5	448.756	185	0.7204 0.0584215	0.567983 0.152344	0.67493 0.0867332	
12.5	432.554	179.5	0.737682 0.0483503	0.47643 0.239438	-0.42893 0.426845	
13.5	415.406	174	0.556638 0.196188	0.666389 0.0812395	-0.499307 0.358817	
14.5	401.104	168.5	0.743648 0.046863	-0.425686 0.37083	0.606051 0.112842	
15.5	386.831	163.5	0.731981 0.0506559	-0.249384 0.954669	0.729451 0.0509026	
16.5	370.076	158.5	0.779182 0.0450358	0.634479 0.0952038	0.663437 0.081036	
17.5	359.103	153.5	0.727676 0.0551964	0.726909 0.0491679	0.478414 0.311658	
18.5	344.821	148.5	0.707747 0.0583463	-0.449158 0.375882	0.538954 0.171044	
19.5	330.437	143.5	0.755416 0.0480718	-0.752253 0.168423	0.579046 0.118376	
20.5	318.936	139	0.672501 0.0728058	0.45418 0.26342	-0.47586 0.417448	
21.5	303.515	134.5	0.708695 0.0615681	0.673169 0.108874	0.64918 0.0847931	
22.5	292.246	130	0.767513 0.0384681	-0.394191 0.489532	0.304144 1.12734	
23.5	281.209	125.5	0.764865 0.0385461	0.632137 0.0953661	0.718117 0.0519567	
24.5	269.09	121	0.751042 0.0411106	0.571786 0.128563	0.631763 0.0947272	
25.5	258.016	117	0.78037 0.0372983	0.527877 0.198073	0.675826 0.0708318	
26.5	245.41	113	0.788912 0.0300639	0.552662 0.143318	0.527363 0.158922	
27.5	237.334	109	0.757158 0.041039	0.581246 0.132513	0.647233 0.11667	
28.5	226.855	105	0.780941 0.0407614	0.251427 0.86015	0.635147 0.115433	
29.5	217.196	101.5	0.742306 0.0476488	0.728257 0.0615826	-0.445762 0.316818	
30.5	209.496	98	0.796583 0.0309306	0.605072 0.118918	0.608626 0.0992964	
31.5	198.718	94.5	0.766653 0.0339107	0.622423 0.106924	0.516945 0.167897	
32.5	190.452	91	0.734046 0.0739238	0.655557 0.0845118	0.548114 0.13921	
33.5	181.607	87.5	0.821605 0.0237862	0.545658 0.159571	0.503848 0.194278	
34.5	173.142	84.5	0.7859 0.0392848	-0.720587 0.317034	0.566092 0.152642	
35.5	165.828	81	0.800202 0.0289326	0.702962 0.0624067	-0.490541 0.443228	
36.5	160.154	77.5	0.718015 0.0550633	0.726188 0.0489921	-0.640518 0.329925	
37.5	152.627	74.5	0.73956 0.0556631	0.507118 0.20792	-0.676883 0.204241	
38.5	145.308	71.5	0.818923 0.0267728	0.658798 0.0914708	0.530511 0.19306	
39.5	137.376	69	0.842926 0.0233487	0.581387 0.148759	0.561675 0.133776	
40.5	131.622	66.5	0.816598 0.0318451	0.391708 0.47891	-0.537514 0.304621	
41.5	125.982	63.5	0.712993 0.0680568	0.639013 0.0834535	-0.758801 0.203227	
42.5	118.446	61	0.82127 0.0243899	0.755125 0.0384405	0.652078 0.0982622	
43.5	112.753	58.5	0.716197 0.0543679	0.324321 1.12136	0.495432 0.247606	
44.5	108.114	56	0.756784 0.0426727	0.698316 0.0675082	-0.673316 0.17946	
45.5	102.585	53.5	0.812638 0.0261684	0.674971 0.0679699	-0.609168 0.169155	
46.5	96.941	51	0.814058 0.0266194	0.678085 0.0762875	-0.531903 0.232372	
47.5	91.7766	49	0.777929 0.0385052	0.288267 0.857991	-0.490466 0.327893	
48.5	87.3457	47	0.807836 0.0313192	0.732839 0.0638384	0.562132 0.161668	
49.5	83.2205	44.5	0.778411 0.0384532	0.490987 0.277355	0.329736 1.15241	
50.5	78.3371	42	0.78969 0.0427316	0.499868 0.24118	-0.762652 0.23865	
51.5	74.9621	40	0.667171 0.110544	0.672922 0.0635855	-0.901331 0.162506	
52.5	70.651	38.5	0.835458 0.0239597	-0.551497 0.544495	-0.618542 0.150497	
53.5	65.3287	37	0.760207 0.0405646	0.659381 0.0959532	-0.670301 0.113975	
54.5	61.5891	35	0.798175 0.0311848	0.623288 0.090026	-0.678703 0.192432	
55.5	58.766	33	0.788431 0.031337	0.655435 0.0793339	-0.68723 0.160185	
56.5	55.971	31.5	0.579405 0.113853	-0.728018 0.101448	-0.795223 0.0995758	
57.5	52.63	30	0.786138 0.0356838	-0.606557 0.13969	-0.63459 0.15932	
58.5	48.7511	28.5	0.759958 0.0644814	-0.262764 0.918088	-0.940899 0.534498	
59.5	46.1828	27	0.737196 0.0500061	0.57656 0.126658	-0.79894 0.0779755	
60.5	43.9509	25.5	0.797288 0.0297973	0.492976 0.262713	-0.814036 0.0775669	
61.5	41.4138	24	0.722679 0.0492274	-0.504497 0.229572	-0.764917 0.0874196	
62.5	38.5163	22.5	0.765163 0.0430023	0.341724 0.789834	-0.845953 0.0903521	
63.5	36.1717	21.5	0.740835 0.0427293	-0.674703 0.12631	-0.874309 0.0978381	
64.5	34.0805	20.5	0.820022 0.0264851	-0.663823 0.191974	-0.756474 0.107684	
65.5	31.9586	19	0.66005 0.0898551	-0.504513 0.25928	-0.973347 0.176148	
66.5	30.341	17.5	0.693639 0.0653339	-0.784857 0.099315	-0.748278 0.118986	
67.5	28.0181	16.5	0.674576 0.0748882	-0.662293 0.101249	-0.952294 0.0747966	
68.5	26.5857	15.5	0.673575 0.0617464	-0.584809 0.152354	-0.741983 0.0838556	
69.5	24.7291	14.5	0.586987 0.121658	-0.415853 0.501287	-0.887712 0.0884275	
70.5	22.603	13.5	0.7182 0.0556428	-0.752985 0.0971095	-0.897597 0.0702807	
71.5	20.9116	13	-0.479841 0.246179	-0.797494 0.0952499	-0.961479 0.0868069	
72.5	19.3311	12.5	0.65035 0.0872801	-0.853526 0.0961103	-0.890946 0.0671141	
73.5	17.9692	11.5	-0.627039 0.124187	-0.948532 0.0650469	-0.991418 0.0511877	
74.5	16.3456	10.5	-0.747203 0.0844066	-0.799101 0.075871	-1.09103 0.0536906	
75.5	15.164	10	-0.797181 0.0760057	-1.04192 0.114407	-1.04132 0.0649708	
76.5	13.7485	9.5	-0.629393 0.12806	-0.801061 0.0900145	-1.09111 0.0566798	
77.5	12.5312	8.5	-0.851046 0.0693029	-0.937469 0.0652771	-1.16081 0.0548227	
78.5	11.563	8	-0.891044 0.0690243	-0.849619 0.0756245	-1.18744 0.0650107	
79.5	10.528	7.5	-0.954979 0.0593625	-1.01096 0.0675191	-1.11359 0.0582465	
80.5	9.59951	7	-1.03759 0.0626582	-1.08962 0.0806668	-1.30906 0.070376	
81.5	8.73838	6.5	-1.08325 0.0627208	-1.1325 0.0800786	-1.30235 0.0605559	
82.5	7.85775	6	-1.15968 0.0587357	-1.07822 0.0607577	-1.40801 0.0682318	
83.5	7.07603	5.5	-1.13993 0.0603707	-1.24562 0.125452	-1.33657 0.0582757	
84.5	6.43721	5	-1.19072 0.0611694	-1.30064 0.0665906	-1.31405 0.0602181	
85.5	5.69062	4.5	-1.25863 0.0637216	-1.3182 0.0627744	-1.35709 0.0755442	
86.5	5.103	4	-1.25118 0.0618669	-1.25105 0.0717351	-1.4407 0.0806236	
87.5	4.53568	4	-1.34114 0.0662196	-1.41761 0.0859677	-1.46488 0.0826893	
88.5	3.99631	4	-1.36775 0.0661159	-1.41759 0.097921	-1.72476 0.114333	
89.5	3.47557	3.5	-1.31329 0.0662509	-1.54529 0.0969986	-1.54424 0.0834898	
90.5	3.35477	3	0.260459 0.739541	0.406415 0.593585	0.274033 0.725967	
91.5	nan	3	nan nan	nan nan	nan nan	
92.5	nan	2.5	nan nan	nan nan	nan nan	
93.5	nan	2	nan nan	nan nan	nan nan	
94.5	nan	2	nan nan	nan nan	nan nan	
95.5	nan	2	nan nan	nan nan	nan nan	
96.5	nan	2	nan nan	nan nan	nan nan	
97.5	nan	2	nan nan	nan nan	nan nan	
98.5	nan	2	nan nan	nan nan	nan nan	
99.5	nan	0	nan nan	nan nan	nan nan	
