Cent%	 dNdy	 Npart	 hydro 	 linear 	 linear+cubic
0.5	799.529	408.5	nan	nan	nan	nan	nan	nan	
1.5	753.954	396	0.551633	0.606788	0.696045	0.665759	0.750707	0.737982	
2.5	715.15	385.5	0.437642	0.528761	0.43236	0.652394	0.560927	0.715044	
3.5	686.935	374.5	0.629445	0.54397	nan	nan	nan	0.451112	
4.5	662.559	363.5	0.704688	0.714369	0.695603	nan	nan	nan	
5.5	640.155	353	0.583473	0.620343	0.564987	nan	nan	nan	
6.5	618.811	342.5	0.599214	0.69725	0.706126	0.631741	0.666534	0.599462	
7.5	594.491	332	0.757492	0.782119	0.831123	nan	nan	nan	
8.5	570.345	322	0.767147	0.778401	0.824623	0.651086	0.644326	0.585975	
9.5	548.699	312	0.816374	0.83813	0.84121	0.658472	0.696244	0.656732	
10.5	532.236	302.5	0.636921	0.725105	0.827976	nan	nan	nan	
11.5	512.533	293	0.835372	0.861066	0.870614	0.338849	0.41693	nan	
12.5	491.503	283.5	0.741577	0.742322	0.826709	0.569525	0.698464	0.522889	
13.5	473.147	274.5	0.776352	0.808006	0.845438	0.693675	0.664267	0.584776	
14.5	456.156	266	0.822012	0.838603	0.880389	0.633385	0.684355	0.662544	
15.5	435.51	257.5	0.885496	0.895866	0.901556	0.541031	0.559322	0.606991	
16.5	419.706	249	0.764607	0.766644	0.873618	0.601487	0.640883	0.589315	
17.5	404.311	241	0.788727	0.818681	0.857919	0.553384	0.459462	0.513809	
18.5	390.494	233	0.813052	0.874129	0.901171	0.529742	0.692076	0.511862	
19.5	373.313	225.5	0.818017	0.84435	0.884369	nan	nan	nan	
20.5	361.102	218	0.886944	0.897924	0.913053	0.390562	0.650554	0.475862	
21.5	346.835	210.5	0.888828	0.901734	0.917385	0.563501	0.688901	0.664489	
22.5	330.49	203.5	0.879182	0.91087	0.922833	0.666116	0.808623	0.747574	
23.5	318.551	196.5	0.873787	0.896181	0.909033	0.475117	0.521963	0.564808	
24.5	308.91	190	0.860747	0.876948	0.910709	nan	0.313537	0.300017	
25.5	292.644	183.5	0.909453	0.912769	0.93069	nan	0.565346	0.64733	
26.5	281.379	177	0.877435	0.880354	0.909681	nan	nan	0.345226	
27.5	270.123	171	0.846233	0.850026	0.914906	0.530949	0.449295	0.584392	
28.5	259.356	165	0.870814	0.900328	0.926027	nan	nan	0.607345	
29.5	249.019	159	0.889709	0.905382	0.928297	0.363898	0.375778	nan	
30.5	238.728	153	0.851596	0.882544	0.929167	nan	nan	nan	
31.5	227.816	147	0.863308	0.873388	0.913989	0.715878	0.733242	0.727512	
32.5	216.915	141.5	0.864879	0.88679	0.9209	nan	nan	nan	
33.5	207.075	136.5	0.851827	0.868171	0.925393	0.5555	0.635501	nan	
34.5	200.19	131.5	0.88776	0.906108	0.937194	0.313357	0.635278	0.650057	
35.5	191.943	126.5	0.860897	0.875564	0.915723	nan	0.613115	nan	
36.5	183.902	121.5	0.841706	0.841548	0.910816	0.276848	0.244556	0.576276	
37.5	174.529	116.5	0.834502	0.866197	0.92006	0.613026	0.787843	0.614096	
38.5	167.07	112	0.804214	0.823689	0.913239	nan	0.551096	0.57971	
39.5	159.881	107.5	0.77501	0.749292	0.896812	0.542781	0.85915	nan	
40.5	152.378	103	0.850684	0.885617	0.925462	nan	nan	0.602997	
41.5	146.079	99	0.819444	0.816368	0.893235	0.713589	0.804619	0.70918	
42.5	139.501	94.5	0.8266	0.83548	0.925074	0.780179	0.86168	0.690227	
43.5	131.464	90	0.832785	0.861112	0.923439	0.533669	0.795118	0.768745	
44.5	123.495	86.5	0.83283	0.846164	0.920941	0.738262	0.83132	0.671712	
45.5	118.61	83	0.836434	0.85793	0.912354	0.683613	0.847302	0.683187	
46.5	112.999	79	0.766263	0.826204	0.911073	0.761284	0.921185	0.645146	
47.5	106.867	75.5	0.825311	0.851987	0.921792	0.664375	0.870132	0.72522	
48.5	101.684	72	0.814013	0.816705	0.907406	0.728412	0.815061	0.765111	
49.5	97.1601	68.5	0.800444	0.798998	0.904515	0.497197	0.627348	0.588802	
50.5	92.1461	65.5	0.824824	0.82536	0.911079	nan	0.730607	nan	
51.5	86.7778	62.5	0.809534	0.831716	0.916469	0.71288	0.884832	0.758071	
52.5	81.5385	59.5	0.761138	0.782596	0.8933	0.66719	0.755802	0.752294	
53.5	77.5392	56.5	0.875414	0.907133	0.929294	0.589862	0.710148	0.716515	
54.5	73.4872	53.5	0.754287	0.797687	0.902592	0.552207	0.912084	0.728595	
55.5	69.4417	50.5	0.793939	0.810978	0.927163	0.679363	0.765885	0.684975	
56.5	66.5793	48	0.745801	0.784706	0.907716	0.674105	0.857373	0.750142	
57.5	61.7041	45.5	0.772765	0.821918	0.926131	nan	nan	0.622647	
58.5	57.6738	43	0.830863	0.872097	0.922611	nan	0.558382	0.753435	
59.5	53.8852	40.5	0.76481	0.722082	0.895326	0.619218	0.896413	0.570512	
60.5	51.0074	38	0.752348	0.781851	0.910411	nan	nan	0.626261	
61.5	47.2146	36	0.734745	0.891591	0.931104	0.458918	0.846566	0.769472	
62.5	43.7167	34	0.757735	0.869608	0.923728	nan	0.926859	0.827527	
63.5	41.077	32	0.79442	0.850409	0.911689	0.533182	0.900637	0.68674	
64.5	39.0203	30	0.772458	0.830502	0.917636	0.656263	0.932978	0.70338	
65.5	36.5489	28	0.588289	0.870403	0.907102	nan	0.855208	0.582484	
66.5	33.8478	26	0.772146	0.925742	0.926169	nan	0.935209	0.704222	
67.5	30.8944	24.5	0.778674	0.920866	0.92572	nan	0.917202	0.579362	
68.5	28.7032	23	0.710943	0.946648	0.918308	nan	0.945039	0.733851	
69.5	26.8044	21.5	0.65001	0.912711	0.903928	nan	0.927338	0.704711	
70.5	25.095	20	0.748805	0.859878	0.887519	nan	0.952101	0.813577	
71.5	23.1688	18.5	0.700549	0.955836	0.900973	0.409906	0.923882	0.717179	
72.5	21.2964	17.5	0.578278	0.970373	0.908073	nan	0.925231	0.608326	
73.5	19.1121	16.5	0.583963	0.953387	0.910484	nan	0.892532	0.259346	
74.5	17.4246	15	0.60341	0.978769	0.911909	0.642012	0.911129	0.420302	
75.5	16.0853	13.5	0.627873	0.965818	0.919853	nan	0.90933	0.631359	
76.5	14.7804	12.5	nan	0.956496	0.876506	nan	0.843548	nan	
77.5	13.1748	11.5	0.427056	0.971559	0.903077	nan	0.86517	nan	
78.5	12.2443	10.5	nan	0.921801	0.884678	nan	0.891046	0.378349	
79.5	10.9678	10	nan	0.926436	0.817078	nan	0.851266	nan	
80.5	9.75737	9.5	nan	0.893074	0.831371	nan	0.826256	nan	
81.5	8.87155	8.5	nan	0.930563	0.807461	nan	0.814632	nan	
82.5	7.71327	7.5	nan	0.89878	0.794695	nan	nan	nan	
83.5	7.13274	7	nan	0.87233	0.71223	nan	0.800763	nan	
84.5	6.26137	6.5	nan	0.85995	0.643874	nan	0.683051	nan	
85.5	5.49043	6	nan	0.784322	0.631958	nan	0.599844	nan	
86.5	4.91999	5.5	nan	0.658392	nan	nan	nan	nan	
87.5	4.25535	5	nan	0.713577	nan	nan	nan	nan	
88.5	3.71761	4.5	nan	nan	nan	nan	nan	nan	
89.5	3.24299	4	nan	nan	nan	nan	nan	nan	
90.5	2.75569	3.5	nan	nan	nan	nan	nan	nan	
91.5	2.34299	3	nan	nan	nan	nan	nan	nan	
92.5	1.93822	3	nan	nan	nan	nan	nan	nan	
93.5	1.59292	2.5	nan	nan	nan	nan	nan	nan	
94.5	1.25192	2	nan	nan	nan	nan	nan	nan	
95.5	0.963625	2	nan	nan	nan	nan	nan	nan	
96.5	0.682832	2	nan	nan	nan	nan	nan	nan	
97.5	0.444686	2	nan	nan	nan	nan	nan	nan	
98.5	0.2148	2	nan	nan	nan	nan	nan	nan	
99.5	0.0577999	0	nan	nan	nan	nan	nan	nan	
