Cent%	 dNdy	 Npart	 v1{6}^6 err	 v2{6}^6 err	 v3{6}^6 err	 v4{6}^6 err 	 v5{6}^6 err 	 v6{6}^6 err
0.5	799.529	408.5	-1.54903e-14 5.65429e-15	3.22774e-12 2.60915e-11	6.94295e-12 1.30488e-11	7.65129e-14 1.75327e-13	1.32947e-15 3.32193e-15	-6.18718e-18 6.3911e-17	
1.5	753.954	396	4.16465e-14 6.16221e-14	1.07615e-11 3.60411e-11	7.29094e-12 7.1067e-12	1.70846e-13 2.2162e-13	3.1322e-15 3.1744e-15	-2.11433e-17 2.98947e-17	
2.5	715.15	385.5	-9.10154e-15 5.60799e-14	3.4419e-11 8.62634e-11	4.3443e-12 5.22728e-12	3.46826e-14 2.3028e-13	8.19457e-15 4.39518e-15	1.05005e-16 5.7341e-17	
3.5	686.935	374.5	-2.04011e-14 1.5984e-14	5.85152e-12 2.52998e-10	-9.01477e-12 1.26017e-11	-2.16309e-13 1.40951e-13	1.56569e-15 5.904e-15	-3.40331e-17 1.02021e-16	
4.5	662.559	363.5	5.07277e-13 3.83241e-13	1.17707e-10 1.21903e-10	-8.99744e-12 1.9476e-11	-1.36081e-13 2.76142e-13	2.55137e-15 6.25479e-15	1.6097e-17 2.97167e-17	
5.5	640.155	353	-2.10284e-14 1.60962e-14	-1.18664e-10 2.1794e-10	-7.99901e-12 1.63086e-11	3.1259e-13 5.25076e-13	-2.12978e-15 4.36654e-15	-5.95417e-18 2.94556e-17	
6.5	618.811	342.5	-4.93004e-14 3.02992e-14	-5.19964e-11 4.51517e-10	8.26299e-12 2.54258e-11	2.94983e-13 2.83257e-13	-3.56645e-15 5.01475e-15	6.62831e-17 5.25419e-17	
7.5	594.491	332	-2.21742e-15 7.25935e-14	1.47992e-09 8.9209e-10	-1.54614e-12 1.75788e-11	1.76192e-13 4.51037e-13	5.91835e-15 5.54901e-15	-1.71395e-17 4.68133e-17	
8.5	570.345	322	2.34236e-13 3.13688e-13	3.55751e-09 1.29737e-09	7.35835e-13 1.68337e-11	5.4839e-13 4.55503e-13	1.65381e-15 7.72099e-15	5.44363e-18 4.69852e-17	
9.5	548.699	312	6.78525e-15 9.13194e-14	2.93984e-09 1.25091e-09	-9.09143e-12 1.81022e-11	4.63206e-13 4.97663e-13	-8.88134e-16 3.66674e-15	2.62615e-17 4.53646e-17	
10.5	532.236	302.5	7.34755e-13 8.33457e-13	7.25242e-10 1.3652e-09	7.43889e-12 2.28479e-11	1.8555e-13 4.21003e-13	-5.38229e-15 6.53841e-15	-2.45491e-16 1.46716e-16	
11.5	512.533	293	3.67617e-12 3.43582e-12	9.01795e-09 3.32374e-09	5.90844e-11 4.58351e-11	5.72857e-13 7.24635e-13	1.1362e-14 9.90006e-15	-4.96681e-17 1.32121e-16	
12.5	491.503	283.5	2.32517e-14 1.48408e-13	3.55917e-09 3.35224e-09	2.61574e-12 2.24668e-11	-4.20443e-13 9.9883e-13	9.77756e-15 8.75374e-15	-7.97063e-17 6.57457e-17	
13.5	473.147	274.5	-1.21797e-13 1.266e-13	6.69024e-09 3.27255e-09	1.38395e-11 1.55777e-11	1.38508e-12 1.23374e-12	-3.14405e-15 5.26683e-15	-1.11969e-16 8.60326e-17	
14.5	456.156	266	-2.07186e-13 1.31274e-13	1.56326e-08 6.54892e-09	4.42744e-12 1.47896e-11	1.65434e-15 1.4252e-12	2.28611e-15 4.64012e-15	1.56307e-16 1.29226e-16	
15.5	435.51	257.5	-2.27566e-13 1.69035e-13	2.92536e-08 7.94308e-09	2.04755e-11 5.29656e-11	4.40669e-13 5.33053e-13	4.02329e-15 7.12319e-15	-2.22795e-16 1.77058e-16	
16.5	419.706	249	4.35798e-13 9.21107e-13	1.39061e-08 5.36926e-09	4.79297e-11 2.65277e-11	3.35533e-12 1.49814e-12	4.9491e-15 7.38594e-15	1.86027e-17 1.41206e-16	
17.5	404.311	241	-1.11892e-13 2.93714e-13	2.1631e-08 9.14037e-09	2.09347e-11 2.8322e-11	9.39355e-14 7.72942e-13	3.7093e-15 8.03042e-15	2.35234e-17 1.31896e-16	
18.5	390.494	233	1.17241e-12 1.45974e-12	2.53639e-08 8.78171e-09	4.52719e-11 4.82492e-11	1.03428e-12 7.42165e-13	5.07705e-15 9.92965e-15	-3.0355e-18 1.18639e-16	
19.5	373.313	225.5	4.28579e-13 4.04811e-13	2.1336e-08 7.83711e-09	3.99033e-11 4.55193e-11	1.07224e-13 9.95316e-13	7.4859e-15 8.91922e-15	9.90563e-17 1.20759e-16	
20.5	361.102	218	-8.26085e-13 3.26421e-13	6.32644e-08 2.03767e-08	-1.34957e-11 5.15749e-11	-1.3942e-12 9.65837e-13	-1.14846e-14 1.91349e-14	-1.32881e-16 1.61219e-16	
21.5	346.835	210.5	-7.04314e-13 4.97448e-13	7.56573e-08 2.0518e-08	-1.57612e-11 3.15646e-11	-8.53253e-14 1.02135e-12	-1.41437e-14 1.03939e-14	5.27452e-17 1.54065e-16	
22.5	330.49	203.5	-3.92832e-13 5.92039e-13	5.84745e-08 1.43321e-08	4.53761e-11 4.96115e-11	1.20347e-13 6.31106e-13	3.19465e-14 1.59028e-14	6.78708e-16 5.73156e-16	
23.5	318.551	196.5	-5.43739e-13 2.84484e-13	5.91881e-08 1.62752e-08	3.68481e-11 6.01818e-11	-4.30748e-14 7.9056e-13	-3.71564e-15 1.11054e-14	1.11282e-16 1.87918e-16	
24.5	308.91	190	9.25063e-12 8.97394e-12	1.11142e-07 3.06958e-08	-1.11441e-11 9.11023e-11	1.74846e-12 1.29454e-12	-3.98726e-14 2.38661e-14	-2.6217e-16 2.10845e-16	
25.5	292.644	183.5	5.62324e-12 6.75451e-12	1.18393e-07 2.67924e-08	-6.51187e-11 4.71442e-11	-1.08202e-12 1.23435e-12	1.27722e-14 1.13239e-14	2.12844e-16 1.60175e-16	
26.5	281.379	177	3.06159e-13 1.05124e-12	1.15191e-07 3.29238e-08	3.68142e-10 3.01642e-10	-3.73062e-13 8.97571e-13	-1.83868e-14 1.43474e-14	2.77324e-16 2.31978e-16	
27.5	270.123	171	7.178e-12 6.37863e-12	8.69767e-08 2.83788e-08	-2.14877e-12 4.20876e-11	3.64282e-12 2.54101e-12	-4.15234e-15 9.09893e-15	-3.62767e-16 2.25438e-16	
28.5	259.356	165	-1.80479e-12 9.86054e-13	9.3099e-08 2.58739e-08	-7.59852e-11 5.69746e-11	-1.14964e-12 1.84676e-12	-1.0815e-15 1.26524e-14	7.21511e-17 3.10277e-16	
29.5	249.019	159	1.52162e-12 1.16577e-12	1.64951e-07 5.20843e-08	-8.49427e-11 6.131e-11	2.118e-12 1.81073e-12	2.35142e-14 1.52443e-14	-5.99557e-17 3.19727e-16	
30.5	238.728	153	3.24677e-12 6.50942e-12	1.63621e-07 4.55027e-08	8.68834e-13 7.33765e-11	-1.02279e-12 7.97028e-13	4.70932e-15 1.68541e-14	8.75899e-17 2.31895e-16	
31.5	227.816	147	-3.29702e-13 1.1228e-12	1.55739e-07 4.39216e-08	7.74163e-11 6.75506e-11	2.76553e-13 1.34103e-12	-9.29952e-15 1.48439e-14	2.2214e-16 4.34483e-16	
32.5	216.915	141.5	4.1956e-12 4.52998e-12	1.22926e-07 4.11054e-08	1.06024e-11 4.83849e-11	-4.48891e-13 1.07667e-12	8.01134e-15 1.8799e-14	1.1188e-16 1.78131e-16	
33.5	207.075	136.5	-1.66292e-13 1.58541e-12	1.5159e-07 4.24065e-08	-2.61825e-11 4.52087e-11	9.88917e-13 1.18965e-12	2.74801e-14 2.50638e-14	1.64539e-16 2.10478e-16	
34.5	200.19	131.5	3.02989e-11 3.24961e-11	1.76126e-07 4.20404e-08	-1.4557e-10 8.73944e-11	-7.31083e-13 9.03045e-13	1.80833e-14 1.69476e-14	-2.46029e-16 3.77847e-16	
35.5	191.943	126.5	5.18099e-13 1.64112e-12	2.40622e-07 8.64365e-08	-1.63378e-10 9.29329e-11	-2.46311e-12 1.55481e-12	-3.35685e-14 2.51248e-14	-2.12627e-16 2.41431e-16	
36.5	183.902	121.5	-1.70601e-12 1.09994e-12	8.61372e-08 2.98096e-08	-2.49816e-11 6.17071e-11	8.26227e-13 7.72292e-13	-7.13427e-15 1.59561e-14	-4.23495e-17 1.49057e-16	
37.5	174.529	116.5	-5.69935e-13 1.41306e-12	2.13053e-07 7.29718e-08	-2.09268e-11 9.3697e-11	-2.02365e-12 1.72535e-12	4.22949e-14 2.875e-14	-4.54247e-16 2.68519e-16	
38.5	167.07	112	1.32065e-12 5.73428e-12	1.60028e-07 6.33853e-08	-6.4733e-11 9.79384e-11	2.13025e-12 2.28146e-12	-1.19708e-14 1.49679e-14	4.25393e-15 4.32775e-15	
39.5	159.881	107.5	-2.00752e-12 1.41846e-12	1.10532e-07 4.68013e-08	-1.68442e-12 6.21214e-11	4.56397e-13 1.91687e-12	3.76937e-15 1.15626e-14	6.0667e-17 3.44447e-16	
40.5	152.378	103	-2.67215e-12 9.31131e-13	1.84699e-07 6.6894e-08	-6.94142e-11 9.79013e-11	-7.6692e-13 1.43645e-12	-5.37372e-15 2.46294e-14	-3.26228e-16 2.6094e-16	
41.5	146.079	99	1.68854e-11 1.45816e-11	1.39242e-07 5.59881e-08	7.15252e-11 7.95432e-11	-1.28456e-12 1.82579e-12	2.09575e-14 1.82935e-14	-3.79819e-16 3.16808e-16	
42.5	139.501	94.5	1.85255e-12 4.18363e-12	1.74421e-07 6.1004e-08	9.54549e-11 5.13164e-11	6.93892e-14 1.27505e-12	4.06148e-15 8.53498e-15	2.07628e-16 6.73496e-16	
43.5	131.464	90	2.79243e-13 1.63934e-12	1.31768e-07 5.04144e-08	-2.41268e-11 4.5794e-11	6.92329e-14 8.94392e-13	3.34765e-15 9.00489e-15	-1.00519e-16 2.1589e-16	
44.5	123.495	86.5	9.53025e-12 1.2782e-11	3.0221e-07 9.55997e-08	9.11622e-11 7.50181e-11	-1.10756e-12 1.09667e-12	1.23069e-14 1.94722e-14	-1.66295e-16 1.3052e-16	
45.5	118.61	83	-6.44684e-12 4.12869e-12	2.05761e-07 6.51169e-08	5.6742e-11 7.24615e-11	-1.9836e-13 1.39771e-12	-1.11654e-14 1.4739e-14	1.16183e-16 1.10263e-16	
46.5	112.999	79	-5.14405e-12 2.05293e-12	7.88584e-08 4.15385e-08	9.61864e-11 6.47562e-11	8.70991e-12 8.35317e-12	-2.38186e-14 1.40012e-14	9.4782e-16 1.17783e-15	
47.5	106.867	75.5	1.26582e-11 2.19793e-11	1.88451e-07 7.76805e-08	3.7551e-11 6.47619e-11	-1.95933e-14 1.56495e-12	-1.13361e-14 1.71077e-14	-2.16648e-16 3.30968e-16	
48.5	101.684	72	5.984e-11 6.60318e-11	1.8919e-07 8.10467e-08	4.27913e-11 5.49473e-11	-1.93591e-12 1.86182e-12	-1.82389e-14 1.87265e-14	-2.41438e-16 2.1148e-16	
49.5	97.1601	68.5	1.42035e-11 1.68428e-11	6.73332e-08 2.95052e-08	-7.63972e-11 8.61197e-11	-2.80636e-13 6.4992e-13	8.50881e-15 1.18612e-14	-2.05706e-16 1.44418e-16	
50.5	92.1461	65.5	-1.47621e-11 7.90381e-12	1.38034e-07 6.3343e-08	-6.31269e-11 1.02033e-10	-1.88231e-12 8.31825e-13	-5.79702e-15 1.19135e-14	-1.48726e-16 1.85588e-16	
51.5	86.7778	62.5	7.62343e-12 1.77137e-11	1.58499e-07 6.19167e-08	2.51475e-11 4.16762e-11	-3.26103e-13 1.62089e-12	-1.16922e-14 1.27723e-14	-1.40044e-16 1.31401e-16	
52.5	81.5385	59.5	5.38142e-11 3.44555e-11	9.64109e-08 6.78425e-08	2.28607e-12 5.49055e-11	-2.84314e-12 1.98718e-12	3.45615e-15 5.68088e-15	-1.7085e-16 1.57481e-16	
53.5	77.5392	56.5	8.50274e-11 8.8093e-11	4.0492e-07 1.11288e-07	-1.39181e-11 4.64093e-11	-8.34987e-13 9.94695e-13	2.14741e-14 2.63765e-14	1.46611e-16 2.17611e-16	
54.5	73.4872	53.5	5.69676e-12 2.06655e-11	7.34399e-08 5.3795e-08	-2.55933e-11 3.44046e-11	7.67727e-12 7.98395e-12	-1.365e-15 5.54667e-15	3.828e-15 3.71416e-15	
55.5	69.4417	50.5	4.77226e-11 3.27464e-11	1.83905e-07 9.33274e-08	3.06046e-11 4.47242e-11	-2.79175e-12 1.6653e-12	5.53486e-15 6.84778e-15	-6.86822e-17 1.09706e-16	
56.5	66.5793	48	-2.22565e-11 2.99384e-11	6.35565e-08 5.54248e-08	4.13467e-11 4.89555e-11	-6.69891e-12 3.30509e-12	6.64468e-15 5.83768e-15	-3.29488e-17 3.34188e-16	
57.5	61.7041	45.5	3.19467e-10 3.20133e-10	7.38307e-08 5.09841e-08	-3.63918e-11 4.17073e-11	-1.96747e-12 1.38393e-12	2.00946e-16 7.48764e-15	4.29381e-16 3.74715e-16	
58.5	57.6738	43	-1.18571e-11 1.83855e-11	2.07826e-07 7.69889e-08	8.94893e-13 2.74293e-11	-1.60923e-12 1.76076e-12	2.98708e-15 3.32234e-15	-7.9812e-17 1.88064e-16	
59.5	53.8852	40.5	1.06118e-10 1.03967e-10	7.54989e-08 5.4556e-08	-2.16918e-12 2.74184e-11	-1.11127e-12 1.17382e-12	-1.17326e-14 5.70384e-15	-1.24749e-17 7.07339e-17	
60.5	51.0074	38	5.36862e-11 5.00463e-11	6.5369e-08 4.87797e-08	-2.00898e-11 3.07236e-11	-2.25893e-12 1.44088e-12	1.24754e-15 2.2422e-15	2.79526e-16 4.69366e-16	
61.5	47.2146	36	-2.55655e-11 1.80015e-11	5.3121e-08 6.49157e-08	2.92393e-11 1.66728e-11	-5.68433e-13 9.87905e-13	-1.10851e-14 4.64586e-15	1.64664e-16 2.8302e-16	
62.5	43.7167	34	4.38643e-11 2.85838e-11	4.97384e-08 3.80539e-08	-1.24187e-11 2.33382e-11	-4.75323e-13 5.60162e-13	-1.03117e-15 2.22581e-15	1.20945e-16 2.1642e-16	
63.5	41.077	32	-1.42445e-11 5.92459e-12	1.25534e-07 6.06771e-08	-5.49893e-13 1.50629e-11	-4.56963e-13 1.11196e-12	-6.65353e-15 3.27092e-15	3.7454e-16 4.49618e-16	
64.5	39.0203	30	1.44471e-11 2.3377e-11	5.61767e-08 3.25716e-08	-2.05215e-13 1.25547e-11	1.98296e-12 1.18238e-12	-5.99496e-15 3.28107e-15	1.01149e-15 9.75569e-16	
65.5	36.5489	28	5.38194e-11 6.52791e-11	-1.66899e-08 3.11424e-08	-1.26905e-11 9.42691e-12	-1.75371e-12 9.78055e-13	-8.06182e-15 4.71554e-15	-8.24534e-17 5.2493e-17	
66.5	33.8478	26	2.10292e-12 1.11746e-11	6.88548e-08 4.01999e-08	-1.05207e-11 5.53392e-12	-2.65781e-12 1.80497e-12	1.89298e-15 3.78127e-15	3.55238e-17 2.35965e-16	
67.5	30.8944	24.5	2.48093e-11 2.86754e-11	5.687e-08 3.53778e-08	-6.32356e-12 4.47903e-12	-1.70995e-12 1.14755e-12	-2.93557e-15 1.24889e-15	-3.65355e-17 1.08271e-16	
68.5	28.7032	23	-4.8972e-12 6.24154e-12	1.58851e-08 1.40216e-08	-5.75796e-12 4.77625e-12	3.17155e-13 1.45217e-12	-6.65451e-16 4.88362e-16	-1.7426e-17 1.02983e-16	
69.5	26.8044	21.5	-2.42331e-12 1.0885e-11	3.83881e-09 2.75711e-08	-4.96084e-12 3.16478e-12	-1.53485e-12 7.03609e-13	-8.99906e-16 3.97291e-16	-3.54282e-17 2.0751e-17	
70.5	25.095	20	-3.42022e-12 4.36546e-12	2.27188e-08 1.82639e-08	-1.63952e-12 4.03858e-12	-1.05736e-12 4.65323e-13	-1.29768e-15 1.05296e-15	-7.32799e-18 1.47012e-17	
71.5	23.1688	18.5	2.5701e-13 2.54335e-12	1.95471e-09 1.1361e-08	-1.84707e-12 2.00015e-12	-3.55262e-13 2.76913e-13	-4.3836e-16 2.29787e-16	-1.862e-17 2.43148e-17	
72.5	21.2964	17.5	-3.18686e-12 3.07531e-12	-1.71173e-08 1.12458e-08	-2.29612e-12 1.50331e-12	-4.1263e-13 5.74765e-13	-5.34706e-16 4.78612e-16	-8.64476e-18 2.23971e-17	
73.5	19.1121	16.5	1.40873e-12 2.85669e-12	-6.58383e-09 1.19356e-08	-1.38557e-12 1.22993e-12	1.69063e-13 4.4278e-13	-1.78473e-16 1.31169e-16	1.69171e-17 1.16861e-17	
74.5	17.4246	15	-2.94018e-12 1.68868e-12	-8.8377e-09 2.02248e-08	-1.61674e-13 4.64773e-13	-3.45843e-13 5.12653e-13	-2.19047e-16 1.73222e-16	1.06211e-17 1.42212e-17	
75.5	16.0853	13.5	-7.25189e-14 9.12701e-13	-5.04548e-09 8.94862e-09	-1.23234e-12 6.19063e-13	-3.14653e-13 1.6141e-13	2.71095e-16 2.27327e-16	4.13154e-18 9.57066e-18	
76.5	14.7804	12.5	5.43e-13 1.04746e-12	-2.07491e-08 9.07846e-09	-5.68658e-13 7.3191e-13	-2.55469e-13 1.55811e-13	-8.56e-17 3.99881e-17	4.10628e-18 7.30374e-18	
77.5	13.1748	11.5	-2.55292e-13 5.64082e-13	-1.33562e-08 6.15946e-09	-1.05554e-12 6.22215e-13	-1.48288e-13 8.7792e-14	-3.69689e-17 9.04783e-17	-3.1052e-18 2.11959e-18	
78.5	12.2443	10.5	6.34383e-12 6.03761e-12	-8.63327e-09 2.75771e-09	-5.28482e-13 4.84639e-13	-3.6613e-14 7.99785e-14	2.15175e-16 2.40502e-16	-1.46711e-18 1.53248e-18	
79.5	10.9678	10	6.13204e-12 7.48132e-12	-1.35632e-08 3.50857e-09	-2.19004e-13 9.5214e-14	-8.97178e-14 6.49268e-14	-2.30635e-17 1.24713e-17	-1.14099e-18 1.1598e-18	
80.5	9.75737	9.5	4.00311e-12 3.52568e-12	-8.30876e-09 2.9966e-09	-3.09857e-14 5.70132e-14	6.44367e-14 6.1259e-14	-1.47484e-18 1.02286e-18	-5.63393e-20 6.71841e-19	
81.5	8.87155	8.5	-1.13628e-12 9.65667e-13	-3.36174e-09 1.60439e-09	-2.05246e-13 1.18872e-13	2.2833e-14 1.22715e-14	2.12074e-16 1.98134e-16	2.88697e-18 2.82142e-18	
82.5	7.71327	7.5	2.60847e-12 2.05099e-12	-6.50307e-09 2.37444e-09	-1.08875e-13 9.35382e-14	7.6918e-15 9.1761e-15	2.54859e-19 4.55522e-19	-9.90445e-20 1.72942e-19	
83.5	7.13274	7	9.7524e-12 7.71117e-12	-2.38866e-09 1.64107e-09	-2.50279e-15 3.56687e-14	9.15065e-15 7.37825e-15	4.38287e-18 4.50529e-18	3.23064e-20 7.14145e-20	
84.5	6.26137	6.5	1.29843e-12 1.01597e-12	-2.21198e-09 1.43235e-09	-1.4013e-15 1.1416e-14	3.94826e-15 1.63002e-15	3.7593e-18 3.35953e-18	5.40994e-20 4.38058e-20	
85.5	5.49043	6	-2.27197e-14 1.94935e-13	-1.66087e-09 1.09641e-09	7.55975e-14 5.54932e-14	1.56753e-16 5.68485e-16	2.23602e-18 1.23503e-18	-1.19057e-20 2.29999e-20	
86.5	4.91999	5.5	2.03298e-13 1.13117e-13	-9.18238e-10 6.28163e-10	1.19304e-14 8.42554e-15	2.88737e-16 1.62895e-16	1.51593e-18 9.71801e-19	-5.22079e-21 1.4255e-20	
87.5	4.25535	5	-1.40728e-13 1.96854e-13	-8.38698e-10 4.90092e-10	-1.50479e-15 1.26095e-15	2.72485e-16 1.61191e-16	-1.39465e-21 5.48216e-22	2.48424e-20 1.7534e-20	
88.5	3.71761	4.5	6.3363e-13 4.74998e-13	8.33199e-11 1.49301e-10	-5.58557e-16 5.07854e-16	8.18204e-18 6.85304e-18	9.4103e-21 7.11261e-21	8.42878e-22 3.80105e-22	
89.5	3.24299	4	9.98952e-14 5.80163e-14	-4.64746e-11 1.96759e-10	9.47985e-16 8.5183e-16	2.36719e-17 1.50977e-17	6.94705e-21 6.95012e-21	4.15065e-21 2.73352e-21	
90.5	2.75569	3.5	6.34659e-14 2.68033e-14	-2.2591e-10 1.38819e-10	2.11876e-16 1.30905e-16	3.24287e-18 1.96025e-18	9.50842e-22 5.82496e-22	1.55294e-21 1.39848e-21	
91.5	2.34299	3	8.66628e-15 6.62365e-15	5.79082e-12 2.84074e-11	2.89561e-17 3.99017e-17	2.39846e-20 1.62416e-20	5.50626e-23 3.36332e-23	1.6225e-22 9.66711e-23	
92.5	1.93822	3	3.74705e-16 5.62129e-16	-3.66432e-11 2.75061e-11	2.00499e-17 8.0925e-18	1.00117e-21 6.12986e-22	5.72593e-24 4.88991e-24	1.85083e-23 9.26042e-24	
93.5	1.59292	2.5	1.49045e-16 1.34472e-16	1.00799e-11 9.04126e-12	1.42666e-18 6.11038e-19	2.57994e-24 1.82832e-23	3.10813e-24 1.67721e-24	7.98421e-24 3.71643e-24	
94.5	1.25192	2	1.41368e-17 8.9946e-18	3.34058e-12 1.61327e-12	2.73267e-20 8.72833e-21	7.82204e-24 6.27902e-24	1.42144e-24 4.77339e-25	4.63274e-25 2.71986e-25	
95.5	0.963625	2	1.67096e-18 1.39419e-18	9.92706e-13 2.92989e-13	2.18781e-22 2.07793e-22	2.63639e-23 1.86489e-23	8.07105e-26 6.63355e-26	5.80249e-27 3.82041e-27	
96.5	0.682832	2	9.50373e-22 2.18095e-21	5.19544e-13 3.2529e-13	1.90889e-22 9.33638e-23	5.16373e-23 2.20986e-23	1.11257e-26 7.85314e-27	1.09577e-25 5.43772e-26	
97.5	0.444686	2	7.98953e-21 5.84589e-21	3.67734e-14 3.62622e-14	7.87074e-23 4.91842e-23	1.66848e-23 1.65799e-23	1.10033e-28 6.1635e-29	3.58382e-26 3.58054e-26	
98.5	0.2148	2	5.30431e-20 2.61892e-20	1.73195e-18 1.60607e-18	3.48268e-24 2.22453e-24	9.99479e-28 9.31479e-28	1.3477e-27 1.34695e-27	6.90554e-29 6.89502e-29	
99.5	0.0577999	0	5.10465e-21 4.93165e-21	1.52422e-25 1.61339e-25	-5.27341e-32 2.90985e-31	-6.12573e-32 4.18858e-32	-1.29565e-32 6.40707e-33	-3.62999e-33 1.59201e-33	
