Cent%	 dNdy	 Npart	 v1{2} err	 v2{2} err	 v3{2} err	 v4{2} err 	 v5{2} err 	 v6{2} err
0.5	1076.62	409	0.0103467 0.000328108	 0.0255442 0.000696391	 0.0209016 0.000614607	 0.0130405 0.000388145	 0.00687562 0.000188	 0.00364325 0.000109107	 
1.5	1008.02	397.5	0.0121553 0.00154963	 0.0295769 0.00172853	 0.0213811 0.00081286	 0.0144563 0.000674508	 0.00760127 0.00065549	 0.00435246 0.000714813	 
2.5	970.4	387.5	0.016016 0.00477522	 0.0325744 0.00150996	 0.0236114 0.000963998	 0.0140106 0.00039086	 0.00765705 0.000538988	 0.00508875 0.00154318	 
3.5	928.425	377	0.0116493 0.000358056	 0.0341211 0.000931149	 0.0234416 0.000693817	 0.0133328 0.000397249	 0.00713698 0.000211858	 0.00381344 0.000117713	 
4.5	891.216	366.5	0.0118111 0.000365798	 0.0363963 0.000911633	 0.0248214 0.000711599	 0.0146801 0.000417084	 0.00730908 0.000200975	 0.00391946 0.000121604	 
5.5	857.537	356	0.0122758 0.000399689	 0.0387204 0.00102542	 0.0257453 0.000728761	 0.0151304 0.000402125	 0.00789055 0.000206411	 0.00379228 0.000113854	 
6.5	825.198	345.5	0.012433 0.000381674	 0.0437779 0.00113503	 0.0254758 0.000794778	 0.0152398 0.000439761	 0.00756157 0.00023129	 0.00400611 0.000113889	 
7.5	792.967	335	0.0132971 0.000488649	 0.0458098 0.00113324	 0.0263695 0.000861047	 0.0160659 0.000427081	 0.00758886 0.000221747	 0.004166 0.000133962	 
8.5	759.873	325	0.0123343 0.000355521	 0.0477355 0.00104904	 0.0272303 0.000757639	 0.0167533 0.000414819	 0.00811614 0.00019942	 0.00412508 0.000113485	 
9.5	732.51	315	0.0136177 0.000432868	 0.0500928 0.00106386	 0.0264794 0.000753625	 0.0159749 0.000405106	 0.00767204 0.000215635	 0.00422025 0.000114991	 
10.5	704.597	305.5	0.015313 0.00184075	 0.0545302 0.00135352	 0.0282708 0.000909709	 0.0169672 0.000640703	 0.0086269 0.000522683	 0.00451504 0.000366325	 
11.5	677.671	296	0.0144806 0.000461174	 0.0569782 0.00124924	 0.0285239 0.000828159	 0.0160604 0.000462325	 0.00835905 0.000234869	 0.00429389 0.000145155	 
12.5	655.649	286.5	0.0145386 0.000498754	 0.0594923 0.0012698	 0.0284645 0.00088173	 0.017595 0.000461892	 0.00855336 0.00023643	 0.00436594 0.00012346	 
13.5	629.062	277.5	0.0152291 0.00054531	 0.0637091 0.00137922	 0.0283998 0.000809578	 0.0169804 0.000463619	 0.008184 0.000245345	 0.00444158 0.000135345	 
14.5	605.323	269	0.0150166 0.000568248	 0.0666288 0.00138682	 0.0298819 0.000914714	 0.0172464 0.000473045	 0.0085067 0.000228409	 0.00433815 0.000130537	 
15.5	584.105	260.5	0.0157019 0.000591029	 0.0659783 0.00133715	 0.03053 0.000844661	 0.0172597 0.000454751	 0.00868398 0.00023267	 0.00460352 0.000129039	 
16.5	561.418	252	0.0161505 0.000550177	 0.0668524 0.00130065	 0.0312653 0.000805315	 0.0172207 0.000462488	 0.00858533 0.000212096	 0.00456744 0.00012671	 
17.5	539.465	244	0.0162697 0.000568837	 0.0716575 0.00154861	 0.0305636 0.000905478	 0.0181321 0.000515628	 0.00870672 0.000251513	 0.00465161 0.000136258	 
18.5	519.856	236	0.0173652 0.000514058	 0.0737303 0.00146284	 0.0294215 0.000938724	 0.0178225 0.000529573	 0.00885537 0.000232451	 0.00477988 0.000146323	 
19.5	499.744	228.5	0.0171589 0.000612896	 0.0741363 0.00159316	 0.031795 0.000881863	 0.0171168 0.000466641	 0.00938865 0.000262854	 0.00475973 0.000134759	 
20.5	480.676	221	0.0186129 0.000575931	 0.0742431 0.00163327	 0.0308998 0.000875979	 0.0174453 0.000462374	 0.00927166 0.000239218	 0.00475747 0.000150092	 
21.5	462.387	213.5	0.0193107 0.000695683	 0.0799918 0.00148721	 0.03355 0.00106187	 0.0183699 0.000502943	 0.00988112 0.000303395	 0.00497045 0.000170883	 
22.5	442.747	206.5	0.0184017 0.000689803	 0.0827064 0.00154853	 0.0309562 0.000841128	 0.0191611 0.000507607	 0.00914828 0.000265164	 0.00502782 0.000145153	 
23.5	427.013	199.5	0.0194544 0.000744266	 0.0813638 0.0016596	 0.0347533 0.00105123	 0.0191609 0.000540951	 0.00975026 0.000292103	 0.00506219 0.000168848	 
24.5	407.933	192.5	0.0195905 0.000795685	 0.085625 0.00159918	 0.0333108 0.000901687	 0.0190883 0.000498492	 0.0093609 0.00025973	 0.00519172 0.000141594	 
25.5	392.694	186	0.0194926 0.000633224	 0.0855732 0.00175081	 0.0330221 0.00103713	 0.019044 0.000487751	 0.00943568 0.000279657	 0.00529818 0.000159856	 
26.5	375.834	179.5	0.0200114 0.000689992	 0.0893016 0.00179928	 0.0316927 0.000875076	 0.0197276 0.000604398	 0.00954845 0.000271999	 0.00526953 0.000163762	 
27.5	359.405	173	0.021148 0.000747284	 0.0894156 0.00186822	 0.0333321 0.000996917	 0.0192338 0.000510833	 0.00962482 0.000267766	 0.00525599 0.000158487	 
28.5	346.942	167	0.0210404 0.000809407	 0.0896282 0.00161862	 0.03128 0.00093593	 0.0198608 0.000563446	 0.00898589 0.000248418	 0.00515727 0.000153435	 
29.5	329.826	161	0.0214491 0.00074219	 0.0921031 0.00165881	 0.033048 0.000864367	 0.0194856 0.000524279	 0.00973185 0.000261713	 0.00495578 0.00014799	 
30.5	318.217	155	0.0219994 0.000752755	 0.0913682 0.00173449	 0.0346533 0.00106365	 0.0191915 0.000523012	 0.00973899 0.000284871	 0.00517362 0.000161202	 
31.5	304.728	149	0.0227487 0.000724542	 0.0971939 0.00168974	 0.0329593 0.000956169	 0.0197259 0.0005572	 0.0099142 0.000277509	 0.00516959 0.000156262	 
32.5	292.01	143.5	0.0228144 0.000935242	 0.0982676 0.00203588	 0.0351766 0.00108922	 0.0206894 0.000640856	 0.00972701 0.000269521	 0.00515401 0.000156658	 
33.5	276.981	138.5	0.0217284 0.000684775	 0.0978132 0.00195008	 0.033762 0.000882163	 0.020086 0.000544201	 0.00980191 0.00028314	 0.00499684 0.000144967	 
34.5	266.037	133	0.0242424 0.000926219	 0.0962875 0.00204012	 0.0344995 0.000955557	 0.0202604 0.000596996	 0.0100107 0.00027012	 0.00528386 0.00018254	 
35.5	253.598	127.5	0.0237829 0.000952558	 0.0973542 0.00185382	 0.0351644 0.00106519	 0.0197084 0.000511416	 0.00951416 0.000247946	 0.00487021 0.000136193	 
36.5	241.841	122.5	0.0252613 0.000886865	 0.0978303 0.00187702	 0.0342656 0.00102665	 0.0193764 0.000558507	 0.0100185 0.000273147	 0.00510167 0.000156341	 
37.5	231.078	118	0.0227344 0.000815977	 0.0943865 0.00189631	 0.0356246 0.00103237	 0.0199856 0.000523456	 0.00951795 0.000261103	 0.00519144 0.000142334	 
38.5	220.952	113.5	0.0264199 0.000857613	 0.0988592 0.00191095	 0.0350795 0.00099809	 0.0209366 0.0005612	 0.00923387 0.000275224	 0.00527756 0.00015701	 
39.5	210.193	108.5	0.0248853 0.000800243	 0.102251 0.00189772	 0.034813 0.00092164	 0.0200089 0.000579817	 0.00950465 0.000250528	 0.00536231 0.000171955	 
40.5	200.734	104	0.0257024 0.000867895	 0.0986986 0.00191201	 0.0330419 0.000967731	 0.020061 0.00055414	 0.00933081 0.000257024	 0.00509884 0.000160387	 
41.5	190.571	100	0.0251399 0.000798411	 0.0955482 0.00197761	 0.0370495 0.00101587	 0.0187842 0.000459525	 0.0096228 0.000278592	 0.00487351 0.000140385	 
42.5	180.415	96	0.0257922 0.000923642	 0.100953 0.00210112	 0.0370437 0.000976303	 0.0201493 0.000570045	 0.00993974 0.000292356	 0.00501308 0.000152283	 
43.5	173.041	92	0.0277391 0.00103864	 0.0994008 0.00198529	 0.0365061 0.00101213	 0.0194796 0.000531414	 0.00992913 0.000300107	 0.00519308 0.000172261	 
44.5	163.119	88	0.026886 0.000940634	 0.104805 0.00219963	 0.0339244 0.00105149	 0.0195706 0.000647414	 0.00962346 0.000295719	 0.00518045 0.000168757	 
45.5	154.381	84	0.0276308 0.00102354	 0.101539 0.00220724	 0.037178 0.0010647	 0.019574 0.000551678	 0.00972156 0.000270072	 0.00497406 0.000167963	 
46.5	146.461	80	0.0291841 0.00099216	 0.103178 0.00198903	 0.0339052 0.000919997	 0.0193285 0.000545753	 0.00895966 0.000240125	 0.00478798 0.000151332	 
47.5	138.757	76.5	0.0272898 0.00102762	 0.101456 0.00216755	 0.0358852 0.000983293	 0.0191967 0.000548996	 0.00958354 0.000266366	 0.0046158 0.000151103	 
48.5	132.032	73	0.0301995 0.00118733	 0.102018 0.00205254	 0.035896 0.000892379	 0.018871 0.000569091	 0.00991031 0.00028706	 0.00475708 0.000143695	 
49.5	124.97	69.5	0.0323486 0.0014115	 0.101156 0.00194623	 0.0336273 0.000925618	 0.0195399 0.000587714	 0.00976594 0.000319837	 0.0048881 0.000147736	 
50.5	117.441	66.5	0.0275081 0.00109504	 0.104173 0.00211647	 0.0338594 0.000928861	 0.019387 0.000557677	 0.00918827 0.000260455	 0.0048862 0.000152104	 
51.5	111.714	63	0.030312 0.00112953	 0.102904 0.00222544	 0.0343532 0.000921649	 0.0192148 0.000576963	 0.00927669 0.000271449	 0.00479183 0.000144887	 
52.5	104.88	59.5	0.0293476 0.00125718	 0.102166 0.00230529	 0.0329251 0.000866936	 0.0192456 0.000595026	 0.00855974 0.000266702	 0.00445043 0.000147402	 
53.5	99.2914	56.5	0.0308077 0.00116132	 0.103956 0.00214911	 0.0323437 0.000881162	 0.0189986 0.000597233	 0.0088475 0.000262622	 0.00469536 0.000139557	 
54.5	93.3645	54	0.0314185 0.00113162	 0.10054 0.00196748	 0.032843 0.000875682	 0.0183417 0.000539996	 0.00861215 0.000241202	 0.00454713 0.000136013	 
55.5	88.0027	51.5	0.0328049 0.0014413	 0.102267 0.00226779	 0.0309895 0.000895784	 0.0187398 0.000608531	 0.00852622 0.000237219	 0.00470789 0.000160861	 
56.5	82.545	48.5	0.0343455 0.00130019	 0.107139 0.00225008	 0.0318506 0.000924544	 0.0197144 0.000582707	 0.00811037 0.000224125	 0.0047106 0.000166415	 
57.5	77.0972	46	0.0302296 0.00130488	 0.0999267 0.00226289	 0.0309012 0.000849305	 0.0190283 0.000596511	 0.00785014 0.000256799	 0.00441581 0.000169667	 
58.5	73.1593	43.5	0.0340321 0.0013914	 0.0992907 0.00219065	 0.0308584 0.000870827	 0.0174908 0.00052585	 0.00793263 0.000230024	 0.00428823 0.000158956	 
59.5	67.4209	41	0.0306814 0.00117639	 0.100543 0.00210101	 0.0295813 0.000803475	 0.0174161 0.000537277	 0.00797522 0.000256112	 0.00390637 0.000138868	 
60.5	64.2022	39	0.0315299 0.00122973	 0.100743 0.00210739	 0.0303441 0.00082441	 0.0181435 0.000507874	 0.00795289 0.000239201	 0.00405762 0.000131725	 
61.5	59.7218	36.5	0.0364903 0.00186306	 0.100444 0.00214277	 0.0284667 0.000763493	 0.0175198 0.000558939	 0.00747492 0.000245467	 0.00402197 0.000144689	 
62.5	55.6917	34	0.0344818 0.00161533	 0.0984138 0.00231497	 0.0279843 0.000696892	 0.018 0.000616095	 0.00723306 0.00022669	 0.00403328 0.000155502	 
63.5	51.6008	32	0.0314079 0.00132972	 0.0967692 0.00229111	 0.0275635 0.000747119	 0.0165875 0.000594427	 0.00715734 0.000213723	 0.00362356 0.000143438	 
64.5	49.2562	30	0.0334777 0.00124834	 0.0909486 0.0022971	 0.0262908 0.000707943	 0.0165435 0.000612019	 0.0067115 0.000203367	 0.00383408 0.000165294	 
65.5	45.5937	28.5	0.0340261 0.0013252	 0.0957553 0.00204777	 0.0257544 0.000752142	 0.0173415 0.00052639	 0.0066202 0.000202142	 0.00383997 0.000149224	 
66.5	42.8748	27	0.0325306 0.00128368	 0.0930791 0.00209833	 0.0242519 0.000709674	 0.016622 0.000606292	 0.00652864 0.000211624	 0.00371148 0.000137643	 
67.5	39.0919	25	0.0318077 0.00168207	 0.0921609 0.00221645	 0.0254538 0.000819001	 0.0158115 0.000583127	 0.00663187 0.000241931	 0.0036064 0.000141415	 
68.5	36.8155	23.5	0.033164 0.00143927	 0.0895498 0.00195174	 0.0218308 0.000668311	 0.0161188 0.000515538	 0.00581873 0.000163496	 0.00368895 0.00013795	 
69.5	33.966	22	0.0311187 0.00145595	 0.0874697 0.00214898	 0.0210393 0.000621102	 0.015027 0.000513707	 0.00572434 0.00020297	 0.00328029 0.000147314	 
70.5	31.0704	20.5	0.031472 0.00141185	 0.0875194 0.00207579	 0.0202335 0.000637775	 0.0149925 0.000564754	 0.00548453 0.00018608	 0.00329444 0.000150468	 
71.5	28.8611	19	0.0321885 0.00142013	 0.088541 0.00215065	 0.0206297 0.000740627	 0.0146598 0.000567342	 0.00533036 0.000181698	 0.00319103 0.000146022	 
72.5	26.5317	17.5	0.0326239 0.00156481	 0.0812941 0.00193316	 0.0192677 0.000609839	 0.0135952 0.000483052	 0.00493882 0.000161601	 0.00286314 0.00011454	 
73.5	24.4893	16.5	0.0286605 0.00137843	 0.0795073 0.00200453	 0.0192308 0.000587133	 0.0136531 0.000490191	 0.00466786 0.000161958	 0.00283303 0.000115405	 
74.5	22.4755	15.5	0.0307185 0.00137889	 0.0775143 0.00185217	 0.01652 0.000500083	 0.0137271 0.000461398	 0.00448696 0.000137138	 0.00266876 0.000104822	 
75.5	20.3735	14.5	0.0303918 0.00171289	 0.0753175 0.00214612	 0.015736 0.000545698	 0.0125132 0.000472136	 0.00397565 0.000141409	 0.00231989 0.000101438	 
76.5	18.8016	13	0.0278671 0.00135643	 0.0673726 0.00193814	 0.0167291 0.000560932	 0.0114557 0.000425875	 0.00398298 0.000137464	 0.00221402 9.32564e-05	 
77.5	17.0659	12	0.0263433 0.0015307	 0.0686621 0.00215497	 0.0139194 0.000521718	 0.0112687 0.000449461	 0.00359774 0.000153545	 0.00217284 9.88642e-05	 
78.5	15.4868	11.5	0.0271805 0.00139218	 0.0634606 0.00202942	 0.0143059 0.000496242	 0.00997318 0.000441824	 0.00348361 0.000136619	 0.00197624 8.59293e-05	 
79.5	14.0961	10.5	0.0264652 0.00157409	 0.0602666 0.00215323	 0.0127026 0.00049353	 0.00954442 0.000427514	 0.00301293 0.000136436	 0.00177739 7.58659e-05	 
80.5	12.5582	9.5	0.0251359 0.00168086	 0.0557675 0.00196444	 0.0125104 0.000502877	 0.00806222 0.000383226	 0.00296822 0.000137166	 0.0014544 6.46607e-05	 
81.5	11.3933	8.5	0.0227345 0.00130081	 0.052806 0.00197104	 0.0104796 0.000380797	 0.00823626 0.000413674	 0.00244447 9.13544e-05	 0.00154602 7.16988e-05	 
82.5	10.1553	8	0.0223538 0.00118201	 0.0480933 0.00194453	 0.00996492 0.000396508	 0.00684632 0.000338232	 0.00224493 0.000107708	 0.00132049 6.12675e-05	 
83.5	9.05287	7.5	0.0219603 0.00135914	 0.0470428 0.00212783	 0.00823678 0.000353692	 0.00634612 0.00034694	 0.00177395 8.56242e-05	 0.00123028 6.2225e-05	 
84.5	8.05685	6.5	0.0199937 0.0012705	 0.0454003 0.00194858	 0.00842366 0.000360424	 0.00575457 0.000322013	 0.00178534 0.000125003	 0.0010802 4.99482e-05	 
85.5	7.15386	6	0.0208379 0.00131771	 0.0410513 0.00186864	 0.00767012 0.000351297	 0.00519699 0.000295332	 0.00155668 8.52483e-05	 0.00104474 4.79056e-05	 
86.5	6.3347	5.5	0.0172225 0.00131313	 0.0353902 0.00197568	 0.00691679 0.000381606	 0.00401958 0.000267002	 0.00113414 6.79455e-05	 0.000804334 4.216e-05	 
87.5	5.51672	5	0.0161751 0.00106716	 0.0369156 0.00194801	 0.00572462 0.000315564	 0.00384875 0.000255122	 0.000895459 6.44508e-05	 0.000811551 3.76693e-05	 
88.5	4.84403	4.5	0.0135213 0.00113933	 0.0285835 0.00182458	 0.00463096 0.000277419	 0.0026992 0.000199199	 0.0008006 5.8323e-05	 0.000646317 3.68143e-05	 
89.5	4.12099	4	0.0118038 0.000907454	 0.0259504 0.00146309	 0.00425604 0.00025422	 0.00222579 0.000148844	 0.000720871 5.8628e-05	 0.000579351 3.29711e-05	 
90.5	3.58475	4	0.00945039 0.000709333	 0.0274165 0.00151384	 0.00355514 0.000241213	 0.001974 0.000143778	 0.000493243 3.25838e-05	 0.000505472 2.71541e-05	 
91.5	3.02614	3.5	0.00708805 0.000631131	 0.0228122 0.00138597	 0.00261945 0.000177363	 0.00111964 9.73704e-05	 0.000332452 2.33543e-05	 0.000369271 2.41332e-05	 
92.5	2.55304	3	0.00524467 0.000482558	 0.0194207 0.00125926	 0.00212227 0.000150817	 0.000690796 6.2926e-05	 0.000241005 1.61592e-05	 0.000283868 2.1101e-05	 
93.5	2.0837	2.5	0.00206526 0.00024465	 0.0174891 0.00122349	 0.00149426 0.000124104	 0.000501678 4.95769e-05	 0.000190964 1.42142e-05	 0.000229415 2.09906e-05	 
94.5	1.68128	2	0.0011227 0.000160417	 0.0152597 0.00117287	 0.000994211 9.82051e-05	 0.000232297 1.75334e-05	 0.000118554 9.16348e-06	 0.00014488 1.3546e-05	 
95.5	1.31886	2	0.000489011 3.56364e-05	 0.0105364 0.000869525	 0.000520205 5.03621e-05	 0.000150535 1.14348e-05	 7.79446e-05 7.58504e-06	 6.23554e-05 6.60289e-06	 
96.5	0.959325	2	0.000724541 5.93225e-05	 0.0093676 0.000686549	 0.000249499 2.34925e-05	 0.000148645 1.03074e-05	 7.63305e-05 8.1236e-06	 4.68407e-05 4.35622e-06	 
97.5	0.646066	2	0.00108854 8.11624e-05	 0.00327821 0.000408831	 0.000134531 2.03138e-05	 5.66605e-05 6.50573e-06	 4.00493e-05 4.33792e-06	 2.28716e-05 3.86059e-06	 
98.5	0.336555	2	0.00138704 7.30496e-05	 0.0021087 0.000341941	 0.000155648 1.6094e-05	 4.4376e-05 7.36224e-06	 2.92809e-05 1.4524e-06	 2.21631e-05 1.21369e-06	 
99.5	0.107209	0	0.00272523 0.000162344	 0.000353571 6.49062e-05	 0.000102907 6.04825e-06	 4.21661e-05 2.42064e-06	 1.80932e-05 8.87709e-07	 1.85415e-05 8.85253e-07	 
