Cent%	 dNdy	 Npart	 v2{6}/v2{4} err	 v3{6}/v3{4} err	 v4{6}/v4{4} err
0.5	1076.62	409	nan nan nan nan nan nan 
1.5	1008.02	397.5	nan nan nan nan nan nan 
2.5	970.4	387.5	nan nan nan nan nan nan 
3.5	928.425	377	nan nan nan nan nan nan 
4.5	891.216	366.5	1.0049 0.0342432 nan nan nan nan 
5.5	857.537	356	nan nan nan nan nan nan 
6.5	825.198	345.5	0.967052 0.0349131 nan nan nan nan 
7.5	792.967	335	0.989083 0.0235063 nan nan 0.955659 0.064326 
8.5	759.873	325	1.01687 0.0259986 nan nan 0.953824 0.0661119 
9.5	732.51	315	0.992485 0.00770658 nan nan 0.7908 0.296752 
10.5	704.597	305.5	1.02138 0.0476557 nan nan nan nan 
11.5	677.671	296	0.986444 0.00724626 nan nan 1.0026 0.436766 
12.5	655.649	286.5	0.995968 0.0088252 nan nan 0.813039 0.284748 
13.5	629.062	277.5	0.986791 0.0054667 0.655872 nan 0.915787 0.0878377 
14.5	605.323	269	0.995571 0.00380088 nan nan 0.883574 0.12526 
15.5	584.105	260.5	1.00257 0.00666988 1.08049 0.236565 0.886633 0.159577 
16.5	561.418	252	0.994979 0.00399028 0.945021 0.0646997 0.70147 0.936847 
17.5	539.465	244	0.997668 0.00716083 nan nan nan nan 
18.5	519.856	236	1.00401 0.00736114 nan nan nan nan 
19.5	499.744	228.5	0.998058 0.00648341 nan nan 0.744346 0.712778 
20.5	480.676	221	0.985891 0.00835662 0.77628 nan 0.820318 0.295265 
21.5	462.387	213.5	0.991906 0.00280783 nan nan 0.938702 0.208973 
22.5	442.747	206.5	1.00944 0.0130037 nan nan 0.967806 0.268349 
23.5	427.013	199.5	0.998504 0.00356936 nan nan 0.93641 0.120013 
24.5	407.933	192.5	0.992167 0.00311674 nan nan 0.586907 nan 
25.5	392.694	186	0.988886 0.00514691 nan nan 0.971623 0.0329028 
26.5	375.834	179.5	1.01101 0.0199021 1.2322 0.352229 nan nan 
27.5	359.405	173	0.997592 0.0066766 nan nan 0.915609 0.0924987 
28.5	346.942	167	0.994495 0.00248713 nan nan 0.981086 0.532613 
29.5	329.826	161	0.99425 0.00244862 0.992741 0.0756122 0.970011 0.125045 
30.5	318.217	155	0.993525 0.00370162 nan nan 1.01855 0.102066 
31.5	304.728	149	0.993634 0.00202896 nan nan 1.12353 0.361745 
32.5	292.01	143.5	0.995945 0.00508458 nan nan nan nan 
33.5	276.981	138.5	0.995238 0.00324061 0.90469 0.0843913 0.941718 0.099581 
34.5	266.037	133	0.987886 0.00638536 nan nan nan nan 
35.5	253.598	127.5	0.988673 0.00369396 nan nan 0.977978 0.0780282 
36.5	241.841	122.5	0.997741 0.00487901 nan nan 1.59605 1.85922 
37.5	231.078	118	0.995272 0.00358386 nan nan 0.964049 0.0496848 
38.5	220.952	113.5	0.988851 0.00344051 0.971444 0.632044 0.89591 0.172944 
39.5	210.193	108.5	0.993446 0.00307936 0.63681 nan nan nan 
40.5	200.734	104	0.990777 0.00436208 nan nan nan nan 
41.5	190.571	100	0.994784 0.00704671 nan nan 0.936161 0.0470869 
42.5	180.415	96	1.00069 0.00939233 nan nan nan nan 
43.5	173.041	92	0.995742 0.0111917 nan nan 0.955773 nan 
44.5	163.119	88	0.985426 0.00535127 nan nan nan nan 
45.5	154.381	84	0.991614 0.0086077 nan nan 1.25799 nan 
46.5	146.461	80	0.985565 0.00483714 1.03621 0.326357 nan nan 
47.5	138.757	76.5	0.98392 0.00626589 0.99603 0.0987981 nan nan 
48.5	132.032	73	0.97926 0.00609691 0.95634 0.0396992 nan nan 
49.5	124.97	69.5	0.986723 0.00366168 0.86751 0.366462 nan nan 
50.5	117.441	66.5	0.986701 0.00472552 nan nan nan nan 
51.5	111.714	63	0.982908 0.0066435 0.897943 0.131937 nan nan 
52.5	104.88	59.5	0.975862 0.00935507 0.851513 0.14211 nan nan 
53.5	99.2914	56.5	0.981151 0.00768345 nan nan nan nan 
54.5	93.3645	54	0.988761 0.00437259 nan nan nan nan 
55.5	88.0027	51.5	0.98223 0.00806903 nan nan nan nan 
56.5	82.545	48.5	0.97365 0.00914728 nan nan nan nan 
57.5	77.0972	46	0.979905 0.00871561 nan nan nan nan 
58.5	73.1593	43.5	0.976046 0.0099228 nan nan nan nan 
59.5	67.4209	41	0.985583 0.00549276 nan nan nan nan 
60.5	64.2022	39	0.979087 0.00841033 nan nan nan nan 
61.5	59.7218	36.5	0.987852 0.00630738 nan nan nan nan 
62.5	55.6917	34	0.959079 0.0171749 0.938276 0.0349629 nan nan 
63.5	51.6008	32	0.987389 0.013844 nan nan nan nan 
64.5	49.2562	30	0.94745 0.0562252 nan nan nan nan 
65.5	45.5937	28.5	0.969359 0.0107415 nan nan nan nan 
66.5	42.8748	27	0.978562 0.0106612 nan nan nan nan 
67.5	39.0919	25	0.940953 0.0257657 nan nan nan nan 
68.5	36.8155	23.5	0.967605 0.0120179 nan nan nan nan 
69.5	33.966	22	0.946362 0.0308034 nan nan nan nan 
70.5	31.0704	20.5	0.963177 0.0155483 nan nan nan nan 
71.5	28.8611	19	0.956978 0.0191174 nan nan nan nan 
72.5	26.5317	17.5	0.857529 0.118949 nan nan nan nan 
73.5	24.4893	16.5	nan nan nan nan nan nan 
74.5	22.4755	15.5	nan nan nan nan nan nan 
75.5	20.3735	14.5	nan nan nan nan nan nan 
76.5	18.8016	13	nan nan nan nan nan nan 
77.5	17.0659	12	nan nan nan nan nan nan 
78.5	15.4868	11.5	nan nan nan nan nan nan 
79.5	14.0961	10.5	nan nan nan nan nan nan 
80.5	12.5582	9.5	nan nan nan nan nan nan 
81.5	11.3933	8.5	nan nan nan nan nan nan 
82.5	10.1553	8	nan nan nan nan nan nan 
83.5	9.05287	7.5	nan nan nan nan nan nan 
84.5	8.05685	6.5	nan nan nan nan nan nan 
85.5	7.15386	6	nan nan nan nan nan nan 
86.5	6.3347	5.5	nan nan nan nan nan nan 
87.5	5.51672	5	nan nan nan nan nan nan 
88.5	4.84403	4.5	nan nan nan nan nan nan 
89.5	4.12099	4	nan nan nan nan nan nan 
90.5	3.58475	4	nan nan nan nan nan nan 
91.5	3.02614	3.5	nan nan nan nan nan nan 
92.5	2.55304	3	nan nan nan nan nan nan 
93.5	2.0837	2.5	nan nan nan nan nan nan 
94.5	1.68128	2	nan nan nan nan nan nan 
95.5	1.31886	2	nan nan nan nan nan nan 
96.5	0.959325	2	nan nan nan nan nan nan 
97.5	0.646066	2	nan nan nan nan nan nan 
98.5	0.336555	2	nan nan nan nan nan nan 
99.5	0.107209	0	nan nan nan nan nan nan 
