Cent%	 dNdy	 Npart	 gamma2 err 	 k12 err 	 k22 err	 gamma3 err 	 k13 err 	 k23 err
0.5	1231.51	409	0.262485 2.75431e-06	0.264631 2.51721e-05	-0.125912 0.00243234	0.205016 6.84166e-06	0.205744 1.18522e-05	-0.0373449 0.00152723	
1.5	1028.74	397.5	0.255527 1.84554e-05	0.261628 8.90444e-05	-0.280545 0.00779915	0.196417 1.05503e-05	0.195929 0.000868066	0.019511 0.0476304	
2.5	967.389	387.5	0.251887 0.000314054	0.256937 0.000691819	-0.217515 0.00656802	0.200504 0.000550478	0.20265 0.0497107	-0.0893814 0.869525	
3.5	930.365	377	0.260617 0.000227076	0.251291 0.000534752	0.334064 0.00168034	0.187881 6.0438e-05	0.192984 8.43668e-05	-0.179598 0.00343509	
4.5	900.374	366.5	0.249912 6.52434e-05	0.258146 0.00616583	-0.241946 0.162257	0.186096 0.000130975	0.179785 0.00055898	0.214062 0.0361904	
5.5	870.924	356	0.24755 0.000395293	0.252139 0.000115974	-0.113025 0.0259226	0.190051 0.000194895	0.182874 0.000474009	0.216253 0.00868457	
6.5	837.717	345.5	0.242696 0.000322507	0.248788 0.00427396	-0.137047 0.0975976	0.189975 4.42553e-05	0.18133 5.06876e-05	0.251972 0.0121542	
7.5	788.514	335	0.233987 0.000217996	0.230451 0.00163492	0.0670841 0.0416758	0.182871 0.000273774	0.175152 0.000444527	0.210596 0.0321807	
8.5	772.059	325	0.241319 7.61849e-05	0.240341 0.000800964	0.0170452 0.0259138	0.181573 1.47488e-05	0.184991 2.71769e-06	-0.087713 0.00364126	
9.5	732.805	315	0.241426 0.000278285	0.232607 0.0227233	0.149471 0.242665	0.17468 5.99766e-06	0.178411 2.47739e-05	-0.0868521 0.000753752	
10.5	718.119	305.5	0.234318 0.000242884	0.222374 0.00121307	0.161279 0.0205516	0.175711 0.000135567	0.181564 0.000325677	-0.133802 0.00363199	
11.5	693.984	296	0.237957 4.08025e-05	0.236961 0.00187622	0.0131732 0.0320701	0.180331 3.96295e-05	0.17407 0.000117176	0.134772 0.00181932	
12.5	662.088	286.5	0.23426 8.87536e-05	0.224158 0.0107283	0.121093 0.0923285	0.167604 4.29615e-05	0.17195 7.28251e-06	-0.0921173 0.00409745	
13.5	642.538	277.5	0.23728 0.000113222	0.22992 0.0333549	0.0754539 0.166004	0.171308 5.30154e-05	0.176284 0.000124071	-0.108677 0.000843117	
14.5	619.492	269	0.238182 0.000141108	0.232576 0.000529006	0.0536547 0.00127798	0.168618 0.000346792	0.182125 0.0033442	-0.233174 0.0565533	
15.5	595.425	260.5	0.238326 1.48035e-06	0.228181 7.39781e-06	0.09747 5.80878e-05	0.170927 3.87899e-05	0.172699 0.000264409	-0.0338816 0.0109485	
16.5	572.841	252	0.229295 4.78953e-05	0.22515 0.000217313	0.0372456 0.00650541	0.164227 4.49811e-05	0.169405 0.000191207	-0.0864689 0.00437915	
17.5	551.652	244	0.23687 1.12374e-05	0.223775 0.00371252	0.112273 0.0319973	0.166896 0.000124343	0.163373 0.000377302	0.0635238 0.00781005	
18.5	530.623	236	0.230416 9.46036e-05	0.212176 0.000535726	0.138197 0.0063336	0.152217 4.62789e-06	0.154145 1.35236e-05	-0.0323798 0.00013841	
19.5	504.347	228.5	0.231447 0.00012516	0.222343 0.000607163	0.0665812 0.0027015	0.150836 1.97073e-05	0.149626 0.000139431	0.0200041 0.0047687	
20.5	492.033	221	0.2263 6.54513e-05	0.210845 8.44561e-05	0.103439 0.00234575	0.155479 4.17547e-05	0.167339 0.000137381	-0.179128 0.00153306	
21.5	472.836	213.5	0.22514 9.02594e-05	0.213129 0.00137199	0.0825632 0.014708	0.150592 0.000279072	0.154844 0.00414056	-0.0592982 0.0421198	
22.5	452.212	206.5	0.225877 0.000156423	0.210467 0.00368191	0.0962153 0.0224952	0.155421 1.81053e-05	0.157148 0.00015217	-0.025248 0.0042363	
23.5	438.154	199.5	0.225098 1.2074e-05	0.206269 6.7779e-05	0.123668 0.000968118	0.146976 4.9834e-05	0.141346 0.0021392	0.0641045 0.0233276	
24.5	416.566	192.5	0.228267 2.36624e-05	0.210425 0.00296108	0.100989 0.0191565	0.150574 9.00023e-05	0.148808 0.000277307	0.0234754 0.00177053	
25.5	403.691	186	0.22336 1.32276e-05	0.203497 0.000204512	0.111367 0.00343265	0.138471 1.614e-05	0.13613 0.000260495	0.0246013 0.00553176	
26.5	385.628	179.5	0.221683 3.04274e-06	0.202244 0.00141602	0.0986492 0.0108333	0.138788 6.18605e-05	0.146568 0.000898899	-0.100988 0.0137564	
27.5	368.67	173	0.220909 2.18721e-05	0.192217 0.00129993	0.143977 0.00989051	0.140139 7.51045e-05	0.146534 0.00012378	-0.0718003 0.000484896	
28.5	355.04	167	0.219997 2.94498e-05	0.204987 0.00020034	0.0748571 0.000110721	0.139275 0.000113645	0.142476 0.00040379	-0.0391094 0.00867822	
29.5	339.314	161	0.220839 1.07009e-05	0.199269 0.0106576	0.105245 0.0396095	0.135725 0.000349038	0.143066 0.000638487	-0.0772539 0.00109216	
30.5	325.016	155	0.219178 3.92931e-05	0.191617 0.000308	0.125241 0.00111469	0.140162 0.000116175	0.143254 5.86841e-05	-0.0321796 0.00286745	
31.5	312.399	149	0.216332 1.12493e-05	0.195404 0.00179023	0.0917955 0.0109415	0.137736 4.58273e-05	0.131158 0.000480581	0.0732471 0.00789308	
32.5	301.121	143.5	0.211261 0.00010724	0.187311 0.00334616	0.103832 0.0163968	0.130922 4.57285e-06	0.129035 1.32138e-05	0.0162843 8.02488e-05	
33.5	284.698	138.5	0.216468 7.41416e-05	0.186735 0.00654963	0.123691 0.0255349	0.127234 0.000187296	0.144217 0.000160204	-0.170964 0.00609405	
34.5	272.604	133	0.210693 2.48218e-05	0.187728 7.85425e-05	0.0943597 0.00102406	0.121803 3.25384e-05	0.115883 0.00187408	0.0544126 0.0170041	
35.5	261.416	127.5	0.213163 2.1703e-05	0.18184 0.000184402	0.120849 0.00210185	0.121159 1.54852e-05	0.127496 7.99291e-06	-0.0488984 0.000549041	
36.5	248.931	122.5	0.206988 4.18445e-05	0.180608 7.03197e-05	0.102406 0.00254894	0.121241 6.06308e-05	0.132591 0.000223593	-0.090818 0.00155409	
37.5	237.069	118	0.208754 0.000125369	0.184201 0.0239239	0.0931065 0.049575	0.122687 0.000118354	0.120013 0.000354166	0.0213113 0.00284773	
38.5	227.304	113.5	0.208144 0.000130792	0.174264 0.00189604	0.121734 0.00877952	0.114841 5.50596e-05	0.114441 0.00166468	0.00291511 0.011054	
39.5	217.523	108.5	0.207484 0.000103137	0.172127 0.00331565	0.120676 0.0123033	0.11648 0.000131807	0.115884 0.000565248	0.00486384 0.00519825	
40.5	206.641	104	0.202406 8.96486e-05	0.168308 0.000607481	0.118701 0.0033799	0.104192 0.00010118	0.115232 0.00745844	-0.0854361 0.0309114	
41.5	196.302	100	0.200028 7.06379e-05	0.172823 0.00034378	0.0955927 3.26303e-05	0.112761 9.32324e-05	0.110148 0.0012971	0.0169751 0.00917008	
42.5	185.929	96	0.199242 1.50635e-05	0.165315 6.50987e-05	0.112834 0.000222968	0.106631 0.00024756	0.1141 0.00154073	-0.0450693 0.0103746	
43.5	178.708	92	0.193841 8.78231e-05	0.156674 0.00248303	0.121353 0.00963565	0.100265 3.19936e-05	0.105618 6.91768e-05	-0.0309677 2.13483e-05	
44.5	169.37	88	0.195507 0.000146777	0.159298 0.00784205	0.110612 0.021579	0.100787 9.9074e-05	0.0993533 0.00135102	0.00909245 0.00944709	
45.5	160.029	84	0.194589 3.57753e-05	0.150753 0.000721795	0.133045 0.00384422	0.103493 8.80729e-06	0.104613 1.80924e-05	-0.00641936 0.000133205	
46.5	151.365	80	0.194426 0.000123428	0.158648 0.000685382	0.108877 0.000683958	0.0986909 9.66906e-05	0.100814 0.00033752	-0.0117315 0.0019217	
47.5	147.694	76.5	0.188346 8.04751e-05	0.15076 0.0014953	0.113358 0.0066435	0.0911392 4.992e-05	0.106426 0.00114657	-0.0820918 0.00670514	
48.5	139.056	73	0.18544 0.00012705	0.146451 0.0051463	0.110673 0.0160758	0.0933209 0.000386559	0.104732 0.000391745	-0.0617966 0.00122007	
49.5	138.819	69.5	0.179752 0.000545921	0.136115 0.0177257	0.130153 0.0464466	0.0835312 0.000121856	0.083834 0.00436532	-0.00150801 0.0183612	
50.5	127.636	66.5	0.183257 0.000167544	0.145848 0.00232052	0.103464 0.00898631	0.0896322 1.25335e-05	0.08947 0.000143502	0.00087264 0.00161902	
51.5	127.795	63	0.162607 3.33725e-05	0.130124 0.0334993	0.0885559 0.0594588	0.0732603 0.00022889	0.0584353 0.0010983	0.0681761 0.00805149	
52.5	119.641	59.5	0.160724 2.27817e-05	0.147497 0.000252576	0.0355891 9.31206e-05	0.0702809 0.000149992	0.0903657 0.000805288	-0.0862104 0.00560379	
53.5	108.708	56.5	0.164395 8.85392e-06	0.118451 0.000283533	0.117477 1.32751e-05	0.0682874 4.89545e-05	0.0700986 0.000219212	-0.00735293 0.000662479	
54.5	116.698	54	0.146045 0.000210675	0.119685 0.00198623	0.0766483 0.00520782	0.0689839 0.00144587	0.071087 0.00069364	-0.008058 0.0103847	
55.5	92.301	51.5	0.170112 2.08767e-06	0.13739 6.63626e-06	0.079914 1.55961e-05	0.0697548 0.000112217	0.0706901 0.000235558	-0.00432427 6.02566e-06	
56.5	93.2787	48.5	0.155793 7.82183e-05	0.122942 0.000674376	0.0728054 0.00436575	0.0579818 0.000270372	0.0503352 0.000673521	0.0350701 0.000708523	
57.5	89.1	46	0.134989 8.1029e-06	0.115586 0.0147624	0.0491951 0.0301992	0.059433 1.50196e-05	0.0802008 5.72314e-06	-0.0762988 1.89577e-05	
58.5	89.2031	43.5	0.143477 0.000316709	0.108526 0.00218181	0.0853278 0.00881311	0.0544147 0.000110157	0.06514 0.000387289	-0.0408481 0.000804809	
59.5	94.1027	41	0.110328 0.000450575	0.170227 0.00416127	-0.148397 0.0192807	0.0340384 0.000147458	0.0125864 8.74716e-05	0.11011 0.00235558	
60.5	72.0584	39	0.144072 0.000537597	0.120419 0.00499909	0.0526046 0.0120283	0.0542362 0.000261739	0.0663863 0.000263257	-0.0475863 0.00252536	
61.5	74.6346	36.5	0.116671 0.000355517	0.0934385 0.00288463	0.0509218 0.00534865	0.0343151 0.00160851	0.0300888 0.00388038	0.0150515 0.00911538	
62.5	62.2828	34	0.138209 0.000627739	0.116879 0.0385289	0.0491393 0.0517407	0.0486475 3.29588e-05	0.0543362 0.000196327	-0.0211314 0.000934288	
63.5	60.3841	32	0.125313 0.000191067	0.120821 0.00628699	0.0101344 0.0145835	0.0414128 5.74804e-05	0.0542075 5.84185e-05	-0.0466991 0.000880594	
64.5	62.6534	30	0.105103 0.000247064	0.0994087 0.00122916	0.0130739 0.00156129	0.0354498 0.000609512	0.0476165 0.0009455	-0.0387435 0.00526863	
65.5	50.3037	28.5	0.135723 6.75646e-05	0.10099 0.00296052	0.0705948 0.00654941	0.0411413 2.87725e-06	0.0479271 1.22718e-05	-0.0268739 3.75011e-05	
66.5	45.3884	27	0.133648 0.000189788	0.109227 0.00265003	0.0513358 0.00657887	0.0377179 1.57587e-05	0.0503901 5.28171e-05	-0.0424272 0.000129102	
67.5	41.3315	25	0.125082 0.000133856	0.111361 0.000857642	0.0276982 0.00203684	0.0396088 0.000110478	0.0488453 0.00212371	-0.0321873 0.00543131	
68.5	40.3877	23.5	0.111065 0.00013455	0.115847 0.00189733	-0.00961398 0.00453744	0.0319116 7.9218e-06	0.0484342 8.72239e-05	-0.0590306 0.000330714	
69.5	37.7578	22	0.108843 7.44442e-05	0.101037 0.00113412	0.0154537 0.00322922	0.0280563 0.000248122	0.0463574 4.97042e-05	-0.0612194 0.000760634	
70.5	34.8084	20.5	0.118647 7.09001e-05	0.10231 0.00091569	0.0327117 0.00308967	0.0252305 1.33768e-05	0.0425036 4.18079e-05	-0.0609062 0.000108883	
71.5	31.2636	19	0.110736 1.57521e-05	0.10851 0.000140969	0.00439384 0.00024895	0.0296671 6.30888e-06	0.0447008 1.4225e-05	-0.0549462 3.63877e-05	
72.5	30.6727	17.5	0.0989404 0.000157577	0.116118 0.00134897	-0.0332718 0.00303235	0.0183771 1.03971e-06	0.0316378 1.98881e-05	-0.0433258 5.24509e-05	
73.5	28.4967	16.5	0.0998674 4.11792e-05	0.122609 2.40376e-05	-0.0433974 0.000525476	0.0230487 1.40612e-05	0.0397003 8.71082e-05	-0.0582752 0.00024385	
74.5	26.6988	15.5	0.0873937 9.04599e-06	0.10952 0.000692271	-0.042478 0.00189041	0.0204252 1.0649e-06	0.0349236 2.42294e-06	-0.0455125 6.15344e-06	
75.5	24.2071	14.5	0.0903764 3.28495e-05	0.119388 0.000187064	-0.0549657 0.00089944	0.0173071 3.24305e-05	0.0347735 2.69217e-06	-0.0577768 0.000122269	
76.5	20.7457	13	0.0822945 5.32716e-05	0.103469 0.000713272	-0.0416318 0.00187277	0.0176026 0.000103837	0.0371208 0.000165213	-0.0616011 0.000158051	
77.5	20.9393	12	0.0584334 0.000130667	0.0863152 0.00213606	-0.0513027 0.00402956	0.0113821 9.13355e-05	0.0280969 0.000144387	-0.051111 0.000132543	
78.5	27.388	11.5	0.0243671 0.00111066	0.0402878 0.00482847	-0.0303622 0.00558679	0.00925204 0.000583498	-0.00420692 0.0030849	0.0384604 0.000287238	
79.5	20.9859	10.5	0.0245223 0.000104554	0.0212213 0.000577987	0.00631672 0.000921766	0.00447954 2.53826e-05	0.0111002 0.000125052	-0.0167743 0.000249251	
80.5	15.0611	9.5	0.0632453 2.7128e-05	0.107327 0.000292433	-0.0815133 0.000485777	0.0124629 2.79924e-06	0.0265359 3.12447e-05	-0.0414854 6.95716e-05	
81.5	15.2289	8.5	0.0281697 0.000249534	0.0662541 0.00140173	-0.0663422 0.0019339	0.00451627 3.85131e-06	0.0136079 3.17252e-06	-0.0230409 5.59833e-06	
82.5	20.0858	8	0.0194701 0.000118378	-0.00281286 0.000427211	0.0553413 0.000829132	0.00657469 4.49779e-06	3.44397e-05 1.99587e-05	0.0187338 4.5473e-05	
83.5	44.0861	7.5	0.0399371 0.00115095	-0.0823826 0.00361683	0.21344 0.00547887	-0.0228743 1.7002e-06	-0.0246172 0.000186487	0.00567669 0.00117695	
84.5	12.6206	6.5	0.0141576 0.000272195	0.0108053 0.00346291	0.00635829 0.00324495	0.00628214 2.26776e-05	0.0142625 0.000207669	-0.0189356 0.000436768	
85.5	61.5735	6	0.0502931 0.00385253	0.0800504 0.0711995	-0.045853 0.0754627	0.0237873 0.00149584	0.0068954 0.0214966	0.0429007 0.0491266	
86.5	50.3916	5.5	0.0928108 0.00155731	0.054289 0.0130647	0.0625442 0.0184219	0.0112839 0.000240758	0.0234473 0.00117665	-0.0354058 0.00274888	
87.5	42.6435	5	0.075349 0.00177625	0.103163 0.0108311	-0.0501178 0.0161754	-0.00879664 2.57625e-05	0.00450865 0.000181043	-0.0472064 0.000502936	
88.5	61.517	4.5	0.0846367 3.10453e-05	0.0413572 9.83362e-05	0.11625 0.000201611	-0.00193098 0.000209675	-0.027717 0.000862591	0.0802136 0.00197279	
89.5	46.116	4	0.0422756 0.00140599	0.115663 0.0131854	-0.120448 0.0185248	-0.0038212 0.00139534	-0.002597 0.0065151	-0.00328033 0.0133086	
90.5	40.0433	4	-0.0238298 0.000373162	-0.083618 0.0020703	0.120555 0.0031525	-0.000335612 5.57204e-05	-0.0136229 0.000341922	0.0428198 0.000923828	
91.5	39.0551	3.5	0.122016 0.0041779	0.190915 0.0144217	-0.190734 0.0292915	-0.0208372 4.75165e-05	-0.0053439 0.000413192	-0.0482901 0.00101029	
92.5	44.307	3	0.0677763 0.0128555	0.320595 0.229974	-0.664864 0.480906	-0.0038976 0.000441693	-0.101708 0.0076443	0.40017 0.0267402	
93.5	34.6529	2.5	0.108261 0.00523833	0.278249 0.0250325	-0.380014 0.0460877	-0.00682855 3.74948e-05	-0.000152547 0.000179718	-0.012102 0.000262353	
94.5	37.0988	2	0.148673 0.0935333	0.363702 1.17142	-2.3689 12.7438	0.826526 0.236483	0.186997 1.39277	303.852 724.77	
95.5	262.711	2	0.0587833 4.91456e-05	0.0437033 0.000194026	0.0272124 0.000261389	-0.0291551 1.60045e-06	-0.0696249 5.40882e-06	0.102543 9.64828e-06	
96.5	327.79	2	0.0956079 0.000109087	0.185501 0.000380179	-0.193934 0.000582771	-0.00654585 5.82325e-06	0.0468957 2.17047e-05	-0.117349 3.49339e-05	
97.5	309.195	2	0.0831724 2.43923e-06	0.169126 1.91375e-05	-0.181603 3.3764e-05	-0.00761918 7.9088e-09	-0.0483985 7.20423e-08	0.0744222 1.17475e-07	
98.5	302.058	2	0.134603 0.000659118	0.316768 0.00239414	-1.27594 0.0133034	0.189118 4.50249e-05	0.673526 0.000210403	-19.0532 0.00651036	
99.5	361.976	0	0.138268 0.00242875	0.467395 0.00646843	-1.00452 0.013276	-0.0587328 5.43582e-05	0.0109845 0.000745892	-0.348022 0.00345283	
