Cent%	 dNdy	 Npart	 hydro 	 linear 	 linear+cubic
0.5	1435.67	408.5	0.499374	nan	nan	0.721705	nan	nan	
1.5	1373.71	396	0.507202	0.552267	0.620091	0.557257	0.210568	0.577286	
2.5	1322.91	386	0.69288	0.582005	0.657048	0.609558	nan	0.594635	
3.5	1266.53	375.5	0.660045	0.695894	0.688703	0.770883	0.764874	nan	
4.5	1203.59	364.5	0.76692	0.748713	0.660598	0.482977	nan	nan	
5.5	1165.54	354	0.719005	0.75064	0.71296	0.678648	0.623257	0.654093	
6.5	1123.71	344	0.786597	0.817621	0.791827	0.83934	0.840397	0.684367	
7.5	1078.29	334	0.870922	0.893052	0.86698	0.414088	nan	0.620246	
8.5	1033.19	324	0.896719	0.912754	0.888695	0.39924	0.553002	0.649491	
9.5	990.36	314	0.878167	0.897466	0.892178	0.609033	0.552825	0.697311	
10.5	960.497	304.5	0.897612	0.915552	0.909938	0.371202	nan	nan	
11.5	919.822	295.5	0.892918	0.909245	0.893385	0.668086	0.483958	0.601876	
12.5	893.043	286.5	0.936418	0.949889	0.957677	0.544876	0.45807	0.661375	
13.5	850.94	277.5	0.895985	0.905887	0.90394	0.690569	0.5797	nan	
14.5	822.812	269	0.894802	0.918344	0.913667	nan	nan	nan	
15.5	786.817	260.5	0.881619	0.91324	0.91366	0.689449	0.540821	0.363687	
16.5	755.294	252	0.882448	0.901998	0.919945	nan	nan	nan	
17.5	722.711	244	0.899406	0.910545	0.936751	0.715185	0.676187	0.782397	
18.5	703.361	236.5	0.904323	0.921279	0.91342	0.730467	0.734263	0.737604	
19.5	671.971	229	0.91336	0.93222	0.928386	0.796088	0.804388	0.735638	
20.5	643.844	221.5	0.925848	0.944486	0.936502	0.786022	0.78997	0.744969	
21.5	624.732	214	0.886833	0.905172	0.927853	nan	nan	nan	
22.5	593.795	207	0.928605	0.938434	0.936405	0.415574	nan	nan	
23.5	573.866	200.5	0.900897	0.923879	0.944282	0.690157	0.715247	0.663908	
24.5	559.145	193.5	0.895509	0.92444	0.942435	nan	nan	nan	
25.5	531.717	187	0.918834	0.936235	0.956768	0.640388	0.639675	0.449724	
26.5	508.372	180.5	0.911918	0.931374	0.958603	nan	0.424025	0.466862	
27.5	492.218	174	0.914596	0.932842	0.954383	0.664965	0.677682	0.599015	
28.5	473.075	168	0.863782	0.896538	0.931633	nan	nan	nan	
29.5	452.542	162.5	0.913263	0.940887	0.962603	0.587409	nan	0.571775	
30.5	361.629	157	0.890886	0.902705	0.943872	nan	nan	0.494564	
31.5	359.386	151	0.849062	0.892186	0.936795	0.618066	0.405346	0.456264	
32.5	363.509	145.5	0.859658	0.892216	0.939792	nan	nan	0.561288	
33.5	369.864	140.5	0.868857	0.871737	0.939463	0.565991	0.65756	0.618078	
34.5	352.412	135.5	0.869078	0.892306	0.948182	nan	nan	nan	
35.5	346.914	130.5	0.870794	0.88736	0.92925	0.591067	0.593528	0.759087	
36.5	350.369	125.5	0.893539	0.9149	0.95153	0.367674	0.73158	nan	
37.5	354.11	120.5	0.847197	0.854914	0.933767	nan	nan	0.556141	
38.5	363.842	116	0.876534	0.888202	0.941324	0.790575	0.640937	0.414684	
39.5	357.9	111.5	0.863337	0.899149	0.945174	0.761922	0.887957	0.687419	
40.5	220.282	107	0.840073	0.85588	0.954751	0.771889	0.872729	0.756459	
41.5	214.162	103	0.871706	0.93739	0.937986	nan	0.64394	0.327308	
42.5	218.82	98.5	0.880748	0.918261	0.944919	nan	0.407785	nan	
43.5	221.357	94	0.875611	0.934695	0.959752	0.606754	0.78124	0.454501	
44.5	224.849	90.5	0.82855	0.866064	0.946225	nan	nan	0.472406	
45.5	224.124	87	0.859471	0.879941	0.94911	nan	0.653389	0.35011	
46.5	220.673	83	0.831176	0.875055	0.93428	nan	nan	0.534877	
47.5	225.455	79.5	0.874699	0.930918	0.944011	0.783736	0.889513	0.72472	
48.5	219.943	76	0.839609	0.852292	0.931489	0.755776	0.848275	0.771338	
49.5	225.12	72.5	0.837816	0.869532	0.944046	0.826475	0.868797	0.758752	
50.5	155.79	69	0.770825	nan	nan	0.740837	nan	nan	
51.5	128.247	65.5	0.751291	nan	nan	0.448939	nan	nan	
52.5	129.727	62.5	0.865011	nan	nan	0.712064	nan	nan	
53.5	122.456	59.5	0.72054	nan	nan	nan	nan	nan	
54.5	126.704	56.5	0.847747	nan	nan	nan	nan	nan	
55.5	135.655	54	0.784848	nan	nan	nan	nan	nan	
56.5	127.824	51.5	0.810666	nan	nan	0.507861	nan	nan	
57.5	130.1	48.5	0.756427	nan	nan	0.660836	nan	nan	
58.5	132.225	46	0.611827	nan	nan	0.648389	nan	nan	
59.5	128.899	43.5	0.683791	nan	nan	nan	nan	nan	
60.5	nan	41	nan	nan	nan	nan	nan	nan	
61.5	nan	39	nan	nan	nan	nan	nan	nan	
62.5	nan	37	nan	nan	nan	nan	nan	nan	
63.5	nan	35	nan	nan	nan	nan	nan	nan	
64.5	nan	33	nan	nan	nan	nan	nan	nan	
65.5	nan	31	nan	nan	nan	nan	nan	nan	
66.5	nan	29	nan	nan	nan	nan	nan	nan	
67.5	nan	27	nan	nan	nan	nan	nan	nan	
68.5	nan	25	nan	nan	nan	nan	nan	nan	
69.5	nan	23.5	nan	nan	nan	nan	nan	nan	
70.5	nan	22	nan	nan	nan	nan	nan	nan	
71.5	nan	20.5	nan	nan	nan	nan	nan	nan	
72.5	nan	19	nan	nan	nan	nan	nan	nan	
73.5	nan	17.5	nan	nan	nan	nan	nan	nan	
74.5	nan	16.5	nan	nan	nan	nan	nan	nan	
75.5	nan	15.5	nan	nan	nan	nan	nan	nan	
76.5	nan	14	nan	nan	nan	nan	nan	nan	
77.5	nan	12.5	nan	nan	nan	nan	nan	nan	
78.5	nan	11.5	nan	nan	nan	nan	nan	nan	
79.5	nan	10.5	nan	nan	nan	nan	nan	nan	
80.5	nan	9.5	nan	nan	nan	nan	nan	nan	
81.5	nan	9	nan	nan	nan	nan	nan	nan	
82.5	nan	8.5	nan	nan	nan	nan	nan	nan	
83.5	nan	7.5	nan	nan	nan	nan	nan	nan	
84.5	nan	6.5	nan	nan	nan	nan	nan	nan	
85.5	nan	6	nan	nan	nan	nan	nan	nan	
86.5	nan	5.5	nan	nan	nan	nan	nan	nan	
87.5	nan	5	nan	nan	nan	nan	nan	nan	
88.5	nan	4.5	nan	nan	nan	nan	nan	nan	
89.5	nan	4	nan	nan	nan	nan	nan	nan	
90.5	nan	3.5	nan	nan	nan	nan	nan	nan	
91.5	nan	3	nan	nan	nan	nan	nan	nan	
92.5	nan	3	nan	nan	nan	nan	nan	nan	
93.5	nan	2.5	nan	nan	nan	nan	nan	nan	
94.5	nan	2	nan	nan	nan	nan	nan	nan	
95.5	nan	2	nan	nan	nan	nan	nan	nan	
96.5	nan	1.5	nan	nan	nan	nan	nan	nan	
97.5	nan	1	nan	nan	nan	nan	nan	nan	
98.5	nan	1	nan	nan	nan	nan	nan	nan	
99.5	nan	0	nan	nan	nan	nan	nan	nan	
