Cent%	 dNdy	 Npart	 gamma2 err 	 k12 err 	 k22 err	 gamma3 err 	 k13 err 	 k23 err
0.5	1402.46	408.5	0.210524 0.000104746	0.210397 0.00335438	0.00867626 0.324296	0.142231 0.000659348	0.142556 0.00166389	-0.0238285 0.0433889	
1.5	1338.18	396	0.212864 0.000466283	0.218052 0.00527189	-0.317445 0.382667	0.162571 5.28159e-05	0.158866 0.000180021	0.237501 0.00748066	
2.5	1286.41	386	0.211822 0.000619654	0.214324 0.00802982	-0.135212 0.446402	0.149557 0.000662068	0.14159 0.0018002	0.434529 0.039624	
3.5	1232.11	375.5	0.217526 0.000287259	0.220032 0.049266	-0.0957645 1.17471	0.150182 0.000313162	0.164468 0.0191519	-0.720766 0.631748	
4.5	1168.93	364.5	0.217786 0.000112748	0.222229 0.000203597	-0.135319 0.00313964	0.16148 0.000276553	0.145641 0.000283629	0.907342 0.0545776	
5.5	1131.9	354	0.220488 2.381e-05	0.224566 0.012608	-0.100686 0.310243	0.151816 0.000480069	0.151814 0.00176274	7.41232e-05 0.163209	
6.5	1088.72	344	0.215245 0.000642617	0.217721 0.0386852	-0.0604208 0.621034	0.152397 0.00021327	0.156179 0.000520413	-0.193731 0.00700409	
7.5	1044.11	334	0.219741 1.01061e-05	0.230856 0.00025981	-0.249289 0.0185199	0.1639 0.000765461	0.152658 0.0777514	0.397894 1.41481	
8.5	1001.19	324	0.222176 0.000163388	0.231928 0.00480611	-0.194189 0.129772	0.159802 0.000189347	0.151526 0.00234458	0.327436 0.135413	
9.5	958.348	314	0.219396 4.87177e-05	0.22366 0.0435477	-0.0657021 0.452955	0.162707 0.000545489	0.151599 0.00242614	0.437296 0.122365	
10.5	929.479	304.5	0.220118 0.000165301	0.220287 0.000444489	-0.00250977 0.0334725	0.152024 0.000384726	0.145244 0.00516777	0.217761 0.190123	
11.5	889.506	295.5	0.218248 0.000328005	0.224033 0.000366604	-0.081255 0.0333058	0.162821 1.33262e-05	0.162148 0.000157575	0.0250072 0.0203945	
12.5	863.203	286.5	0.219503 3.98708e-05	0.216926 0.0624171	0.0333729 0.603777	0.153191 0.00072652	0.146454 0.000792284	0.236829 0.0434902	
13.5	819.593	277.5	0.21824 6.1329e-05	0.22558 0.00986244	-0.0830008 0.130628	0.15891 0.000127418	0.161953 0.000331226	-0.0845219 0.00539995	
14.5	793.738	269	0.219363 7.67606e-05	0.22095 0.00202527	-0.0182473 0.0474394	0.157018 3.19088e-06	0.159694 3.59509e-05	-0.0674117 0.00418536	
15.5	757.171	260.5	0.220734 4.70717e-05	0.21711 0.00026349	0.0381536 0.00449516	0.160493 0.000121922	0.161251 0.000411798	-0.0207969 0.00419233	
16.5	727.488	252	0.219124 6.9089e-05	0.211856 0.000613765	0.0666012 0.0139809	0.15893 0.000271258	0.161451 0.000715746	-0.0539111 0.0134034	
17.5	694.435	244	0.216622 0.000120831	0.209311 0.00352403	0.0647205 0.051821	0.163522 0.000498472	0.16023 0.0552622	0.116058 1.12966	
18.5	677.536	236.5	0.218011 0.000155916	0.222382 0.00289623	-0.0367832 0.0449995	0.151141 0.00049544	0.152959 0.0103715	-0.0515338 0.279874	
19.5	646.427	229	0.217698 0.000138776	0.220685 0.0155835	-0.0245717 0.13924	0.154735 0.00062467	0.159864 0.00117765	-0.155846 0.0928462	
20.5	619.29	221.5	0.214962 0.000134558	0.222149 0.0734682	-0.0541479 0.343668	0.155532 0.000235542	0.155173 0.000852944	0.0105865 0.0151688	
21.5	598.733	214	0.217635 3.16823e-06	0.214296 0.000561593	0.0239984 0.013083	0.153063 0.000104232	0.151531 0.00027387	0.03077 0.003291	
22.5	570.348	207	0.217634 2.58956e-05	0.219861 0.000728215	-0.0158305 0.0157094	0.155318 0.000668381	0.149511 0.0109833	0.115166 0.196482	
23.5	549.549	200.5	0.213888 0.000118049	0.202497 0.0137232	0.075354 0.107506	0.143864 0.000953644	0.143811 0.0309468	0.00118158 0.395559	
24.5	531.348	193.5	0.214086 0.000108809	0.206491 0.00020985	0.0459967 0.0112831	0.151837 0.000656756	0.143504 0.00607893	0.139632 0.098562	
25.5	508.305	187	0.216689 0.000333444	0.20489 0.00730771	0.0666511 0.0634754	0.152699 6.15741e-05	0.155852 0.000180317	-0.0617166 0.00224912	
26.5	485.227	180.5	0.215464 0.000100025	0.20858 0.0609576	0.0443416 0.272861	0.152911 0.000170385	0.147014 0.000586792	0.103496 0.0150528	
27.5	470.886	174	0.215928 0.000184207	0.20109 0.0297309	0.0759146 0.135898	0.145054 7.03505e-05	0.149371 0.000100765	-0.0734279 0.00357314	
28.5	451.011	168	0.214878 2.80906e-06	0.205363 3.21939e-05	0.0531995 0.0015316	0.148684 4.84955e-05	0.141444 0.000111939	0.114077 0.00179652	
29.5	431.595	162.5	0.217033 0.000161253	0.202174 0.0549084	0.0805271 0.247125	0.153156 0.000887397	0.151947 0.00318789	0.0187649 0.0866984	
30.5	340.992	157	0.214822 0.000115886	0.192836 0.0158113	0.0992128 0.0841139	0.139892 3.79582e-05	0.144831 0.000148347	-0.0624357 0.00155571	
31.5	340.615	151	0.215139 1.70846e-05	0.195078 0.000374984	0.0824897 0.00664007	0.130916 0.000385005	0.13206 0.000945537	-0.0152494 0.0320643	
32.5	343.14	145.5	0.214594 0.000245605	0.199445 0.0551777	0.05842 0.175848	0.139768 7.90852e-05	0.130694 0.000144269	0.128799 0.0179254	
33.5	351.715	140.5	0.215027 0.000333683	0.194627 0.0410709	0.0949562 0.162517	0.146896 0.000109368	0.146058 0.000469958	0.0125551 0.00576224	
34.5	336.328	135.5	0.214685 0.000132671	0.199697 0.00482458	0.0658562 0.0338842	0.147085 0.000678977	0.138115 0.00143888	0.0974925 0.0109335	
35.5	333.326	130.5	0.216595 0.000126719	0.200146 0.00110039	0.0715452 0.00982295	0.141913 1.62629e-05	0.141618 0.000118306	0.00443403 0.00520298	
36.5	333.608	125.5	0.217952 0.000390938	0.206458 0.0674957	0.050522 0.225751	0.141424 0.0004342	0.156245 0.0014479	-0.197108 0.0181295	
37.5	329.468	120.5	0.215204 0.000228344	0.200962 0.0033183	0.0618404 0.0241574	0.14823 0.000212777	0.143881 0.000708983	0.0608421 0.0137421	
38.5	344.174	116	0.215175 0.000228635	0.200464 0.0426488	0.0637083 0.160205	0.141365 0.000162183	0.142552 0.000517439	-0.0188239 0.0103691	
39.5	339.74	111.5	0.216312 1.65328e-05	0.194036 0.0039639	0.0894262 0.0274845	0.139577 0.000298618	0.15502 0.00204702	-0.20356 0.031474	
40.5	208.833	107	0.212349 0.000163359	0.183465 0.0029096	0.0995329 0.0206676	0.126121 0.00035687	0.132908 0.000764758	-0.0743977 0.00127187	
41.5	203.658	103	0.213176 0.000241258	0.189976 0.0285823	0.0814266 0.104591	0.124551 0.000372811	0.124849 0.00171602	-0.00283992 0.0232025	
42.5	205.188	98.5	0.214849 9.90286e-05	0.191322 0.0229664	0.0738192 0.0713198	0.12488 0.000436286	0.126704 0.00600854	-0.0185423 0.0697289	
43.5	208.301	94	0.212782 0.000199804	0.18672 0.0308988	0.0891624 0.113965	0.128365 0.00204613	0.143688 0.0252034	-0.149248 0.168704	
44.5	209.377	90.5	0.216305 0.000915551	0.179166 0.0299564	0.112581 0.0967448	0.132506 0.00260459	0.115993 0.0314676	0.164904 0.223124	
45.5	209.605	87	0.212895 0.000165102	0.185988 0.0267196	0.0935584 0.0894632	0.126911 0.000335546	0.131419 0.000694587	-0.039836 0.000187837	
46.5	208.168	83	0.209775 0.000187937	0.203356 0.00354707	0.0228918 0.0268472	0.130288 1.52568e-05	0.13446 6.99759e-05	-0.035842 0.000481596	
47.5	210.089	79.5	0.210973 3.53907e-06	0.186761 0.0127535	0.0786123 0.0545202	0.120761 0.000315377	0.139836 0.000463076	-0.183144 0.00471678	
48.5	205.462	76	0.214059 0.000172536	0.188099 0.015533	0.0873841 0.0654748	0.135183 0.000212427	0.146027 0.00361593	-0.107193 0.0529669	
49.5	213.919	72.5	0.215322 0.00027117	0.1858 0.0475411	0.0996936 0.137969	0.130994 0.000519312	0.138727 0.00193394	-0.0820609 0.0152526	
50.5	146.93	69	0.20748 0	0.166029 0	0.157049 0	0.106767 0	0.130379 0	-0.201973 0	
51.5	120.281	65.5	-inf nan	nan nan	nan nan	-6.58367e+111 2.38501e+111	nan nan	nan nan	
52.5	117.716	62.5	-inf nan	nan nan	nan nan	1.19866e+111 5.50204e+110	nan nan	nan nan	
53.5	115.469	59.5	-inf nan	nan nan	nan nan	2.31123e+112 2.72218e+111	nan nan	nan nan	
54.5	118.952	56.5	-inf nan	nan nan	nan nan	-6.85179e+111 3.05958e+111	nan nan	nan nan	
55.5	127.248	54	-inf nan	nan nan	nan nan	2.18459e+112 1.20702e+111	nan nan	nan nan	
56.5	120.153	51.5	-inf nan	nan nan	nan nan	1.46579e+111 7.78993e+110	nan nan	nan nan	
57.5	123.306	48.5	-inf nan	nan nan	nan nan	-1.40073e+112 2.09224e+111	nan nan	nan nan	
58.5	121.553	46	-inf nan	nan nan	nan nan	-8.24991e+111 1.57293e+111	nan nan	nan nan	
59.5	120.458	43.5	-inf nan	nan nan	nan nan	-9.69703e+111 1.58622e+111	nan nan	nan nan	
60.5	nan	41	nan nan	nan nan	nan nan	nan nan	nan nan	nan nan	
61.5	nan	39	nan nan	nan nan	nan nan	nan nan	nan nan	nan nan	
62.5	nan	37	nan nan	nan nan	nan nan	nan nan	nan nan	nan nan	
63.5	nan	35	nan nan	nan nan	nan nan	nan nan	nan nan	nan nan	
64.5	nan	33	nan nan	nan nan	nan nan	nan nan	nan nan	nan nan	
65.5	nan	31	nan nan	nan nan	nan nan	nan nan	nan nan	nan nan	
66.5	nan	29	nan nan	nan nan	nan nan	nan nan	nan nan	nan nan	
67.5	nan	27	nan nan	nan nan	nan nan	nan nan	nan nan	nan nan	
68.5	nan	25	nan nan	nan nan	nan nan	nan nan	nan nan	nan nan	
69.5	nan	23.5	nan nan	nan nan	nan nan	nan nan	nan nan	nan nan	
70.5	nan	22	nan nan	nan nan	nan nan	nan nan	nan nan	nan nan	
71.5	nan	20.5	nan nan	nan nan	nan nan	nan nan	nan nan	nan nan	
72.5	nan	19	nan nan	nan nan	nan nan	nan nan	nan nan	nan nan	
73.5	nan	17.5	nan nan	nan nan	nan nan	nan nan	nan nan	nan nan	
74.5	nan	16.5	nan nan	nan nan	nan nan	nan nan	nan nan	nan nan	
75.5	nan	15.5	nan nan	nan nan	nan nan	nan nan	nan nan	nan nan	
76.5	nan	14	nan nan	nan nan	nan nan	nan nan	nan nan	nan nan	
77.5	nan	12.5	nan nan	nan nan	nan nan	nan nan	nan nan	nan nan	
78.5	nan	11.5	nan nan	nan nan	nan nan	nan nan	nan nan	nan nan	
79.5	nan	10.5	nan nan	nan nan	nan nan	nan nan	nan nan	nan nan	
80.5	nan	9.5	nan nan	nan nan	nan nan	nan nan	nan nan	nan nan	
81.5	nan	9	nan nan	nan nan	nan nan	nan nan	nan nan	nan nan	
82.5	nan	8.5	nan nan	nan nan	nan nan	nan nan	nan nan	nan nan	
83.5	nan	7.5	nan nan	nan nan	nan nan	nan nan	nan nan	nan nan	
84.5	nan	6.5	nan nan	nan nan	nan nan	nan nan	nan nan	nan nan	
85.5	nan	6	nan nan	nan nan	nan nan	nan nan	nan nan	nan nan	
86.5	nan	5.5	nan nan	nan nan	nan nan	nan nan	nan nan	nan nan	
87.5	nan	5	nan nan	nan nan	nan nan	nan nan	nan nan	nan nan	
88.5	nan	4.5	nan nan	nan nan	nan nan	nan nan	nan nan	nan nan	
89.5	nan	4	nan nan	nan nan	nan nan	nan nan	nan nan	nan nan	
90.5	nan	3.5	nan nan	nan nan	nan nan	nan nan	nan nan	nan nan	
91.5	nan	3	nan nan	nan nan	nan nan	nan nan	nan nan	nan nan	
92.5	nan	3	nan nan	nan nan	nan nan	nan nan	nan nan	nan nan	
93.5	nan	2.5	nan nan	nan nan	nan nan	nan nan	nan nan	nan nan	
94.5	nan	2	nan nan	nan nan	nan nan	nan nan	nan nan	nan nan	
95.5	nan	2	nan nan	nan nan	nan nan	nan nan	nan nan	nan nan	
96.5	nan	1.5	nan nan	nan nan	nan nan	nan nan	nan nan	nan nan	
97.5	nan	1	nan nan	nan nan	nan nan	nan nan	nan nan	nan nan	
98.5	nan	1	nan nan	nan nan	nan nan	nan nan	nan nan	nan nan	
99.5	nan	0	nan nan	nan nan	nan nan	nan nan	nan nan	nan nan	
