Cent%	 dNdy	 Npart	 v1{2} err	 v2{2} err	 v3{2} err	 v4{2} err 	 v5{2} err 	 v6{2} err
0.5	1402.46	408.5	0.00461399 0.000219767	 0.018255 0.000942021	 0.0133456 0.000601861	 0.00875636 0.000419999	 0.00443439 0.000199454	 0.00275087 0.000120208	 
1.5	1338.18	396	0.00474683 0.000221726	 0.0206854 0.000852626	 0.0161423 0.0006802	 0.00979939 0.000435156	 0.00518276 0.000194525	 0.00288358 0.000116607	 
2.5	1286.41	386	0.00515728 0.000261806	 0.0219567 0.00096924	 0.0163255 0.000777494	 0.010587 0.000429003	 0.0054817 0.000254662	 0.00301102 0.000141625	 
3.5	1232.11	375.5	0.00530914 0.000257399	 0.0269692 0.00111754	 0.016121 0.00061469	 0.0111684 0.000491	 0.00602007 0.000291437	 0.0031275 0.00013588	 
4.5	1168.93	364.5	0.00531644 0.000265656	 0.0298854 0.00134193	 0.0176109 0.000944049	 0.0111884 0.000515514	 0.0060121 0.000285388	 0.00307939 0.000156267	 
5.5	1131.9	354	0.00579838 0.000258494	 0.0340839 0.00153011	 0.0182257 0.000836531	 0.0122491 0.000599087	 0.00662391 0.000344397	 0.00333414 0.000184124	 
6.5	1088.72	344	0.00582843 0.000317864	 0.0350339 0.00146816	 0.0180331 0.000751379	 0.0126093 0.000723822	 0.0065713 0.000342381	 0.00357877 0.000188335	 
7.5	1044.11	334	0.00569303 0.000358545	 0.0394054 0.00119607	 0.0216781 0.00108449	 0.0119489 0.000555325	 0.00682297 0.000259761	 0.00337196 0.000180248	 
8.5	1001.19	324	0.00599648 0.000333933	 0.0427757 0.00124383	 0.0203103 0.00103086	 0.0127134 0.000596211	 0.00714358 0.000317829	 0.00396447 0.000334107	 
9.5	958.348	314	0.00597393 0.000281974	 0.0480588 0.00149401	 0.0209225 0.00100943	 0.0141673 0.000694516	 0.00722741 0.000388353	 0.00395072 0.000174394	 
10.5	929.479	304.5	0.00569241 0.000234758	 0.0500027 0.0014837	 0.0199882 0.00106445	 0.013288 0.000506606	 0.00693644 0.000310849	 0.0038183 0.000159029	 
11.5	889.506	295.5	0.00636025 0.000439684	 0.0503164 0.00158568	 0.0212715 0.000997802	 0.0142611 0.000591792	 0.00685842 0.000296763	 0.00365565 0.000180525	 
12.5	863.203	286.5	0.00610611 0.000318516	 0.0570538 0.00121124	 0.0211783 0.000963883	 0.0143678 0.000625826	 0.00825998 0.000464706	 0.00458057 0.000226653	 
13.5	819.593	277.5	0.00595056 0.0003187	 0.0564927 0.00158024	 0.0230413 0.00102124	 0.0142834 0.000659034	 0.0077369 0.000348623	 0.00428328 0.000230128	 
14.5	793.738	269	0.00616184 0.000292757	 0.057337 0.00156556	 0.0223502 0.00117463	 0.0147097 0.000694592	 0.00794356 0.000364021	 0.00432787 0.000274916	 
15.5	757.171	260.5	0.00559383 0.000271539	 0.059868 0.00165982	 0.0232319 0.00103199	 0.0156557 0.00060903	 0.00789601 0.000365035	 0.0047783 0.000219342	 
16.5	727.488	252	0.00608853 0.000385587	 0.0638995 0.00202877	 0.0229445 0.00147864	 0.0146518 0.000785556	 0.00862441 0.000502035	 0.00449448 0.000214304	 
17.5	694.435	244	0.00648728 0.000380155	 0.0659469 0.00172282	 0.0233282 0.000936507	 0.0155949 0.000723983	 0.00859812 0.000366101	 0.00434962 0.000205992	 
18.5	677.536	236.5	0.00665545 0.000372117	 0.0663259 0.00187421	 0.0230025 0.00102573	 0.0156113 0.000749871	 0.0083948 0.000369035	 0.00491056 0.000265133	 
19.5	646.427	229	0.00568622 0.000396973	 0.0681908 0.00183082	 0.0230653 0.00100339	 0.0161606 0.000787633	 0.00844038 0.000362541	 0.00483719 0.000301638	 
20.5	619.29	221.5	0.00699137 0.000705632	 0.0708166 0.00168423	 0.023599 0.00103568	 0.0181564 0.00070894	 0.00873806 0.00041617	 0.00495556 0.000291668	 
21.5	598.733	214	0.00623288 0.00055818	 0.0726349 0.00179718	 0.0238976 0.00127304	 0.0159355 0.000647654	 0.00896227 0.000391373	 0.00514848 0.000248952	 
22.5	570.348	207	0.00699284 0.000392218	 0.0737941 0.00184722	 0.0257535 0.00145682	 0.0182633 0.000774446	 0.00888561 0.000503322	 0.00581404 0.000323036	 
23.5	549.549	200.5	0.00679266 0.000417526	 0.0762619 0.00202501	 0.0247894 0.00125036	 0.0177102 0.000832352	 0.00982483 0.00052537	 0.00538103 0.000255258	 
24.5	531.348	193.5	0.00670403 0.000377954	 0.0789955 0.00196369	 0.0270178 0.00143639	 0.0189183 0.000822066	 0.00946806 0.000515245	 0.0058089 0.000270808	 
25.5	508.305	187	0.0064695 0.00033194	 0.0841774 0.00224641	 0.0261715 0.00132346	 0.018683 0.000977813	 0.00908823 0.00045109	 0.00552296 0.000290451	 
26.5	485.227	180.5	0.00629007 0.000366861	 0.0792392 0.001677	 0.027661 0.00136853	 0.0181203 0.000940532	 0.010106 0.000425885	 0.00576993 0.000272996	 
27.5	470.886	174	0.00650592 0.00043193	 0.089042 0.00209595	 0.0273748 0.00122357	 0.0202564 0.000937859	 0.0109264 0.000470054	 0.00592269 0.000293621	 
28.5	451.011	168	0.00633075 0.000411405	 0.0817002 0.00225958	 0.0276688 0.00156202	 0.0188557 0.000883902	 0.0106163 0.000542768	 0.00585689 0.000268829	 
29.5	431.595	162.5	0.00641359 0.000421746	 0.0875327 0.00217428	 0.0298082 0.00156471	 0.0173655 0.000886845	 0.0115659 0.000658879	 0.00538371 0.000344977	 
30.5	340.992	157	0.00751969 0.000396846	 0.0923451 0.00265976	 0.0294428 0.00150214	 0.0200136 0.000994448	 0.0106494 0.000520205	 0.006508 0.000342192	 
31.5	340.615	151	0.00679331 0.000556942	 0.0958514 0.00322177	 0.0284387 0.00144658	 0.0211201 0.00110661	 0.0116113 0.000674666	 0.00669279 0.000558459	 
32.5	343.14	145.5	0.00671517 0.000493345	 0.100116 0.00327903	 0.0293916 0.00180685	 0.0215984 0.00129089	 0.0117385 0.000882312	 0.00687391 0.000545832	 
33.5	351.715	140.5	0.00681258 0.000498042	 0.0907686 0.00290704	 0.0299496 0.00165581	 0.0189534 0.000931157	 0.011652 0.000600162	 0.00653611 0.000376133	 
34.5	336.328	135.5	0.00621794 0.000458147	 0.0944532 0.00251867	 0.0318089 0.00205353	 0.0219001 0.00121701	 0.0119531 0.000544826	 0.00720514 0.000394763	 
35.5	333.326	130.5	0.00628449 0.000293149	 0.0934645 0.00253445	 0.0294589 0.00124684	 0.0198927 0.000997554	 0.0115119 0.000536363	 0.00611335 0.000357627	 
36.5	333.608	125.5	0.00704162 0.000473226	 0.0961828 0.0026966	 0.027987 0.0016152	 0.0200917 0.00108627	 0.011406 0.000678589	 0.00671116 0.000426789	 
37.5	329.468	120.5	0.0065377 0.000339918	 0.0934087 0.00272698	 0.0305183 0.00156446	 0.0204888 0.000924897	 0.0113102 0.000513064	 0.00677024 0.00036045	 
38.5	344.174	116	0.00647204 0.000383386	 0.0940381 0.00320354	 0.0271912 0.00160439	 0.0198395 0.00117326	 0.0112777 0.000623617	 0.00665876 0.000397668	 
39.5	339.74	111.5	0.0071227 0.000615188	 0.0989093 0.00278262	 0.0304642 0.00120113	 0.0215357 0.000999706	 0.012973 0.000591484	 0.00668633 0.000326333	 
40.5	208.833	107	0.00618169 0.000435655	 0.106855 0.00314338	 0.0317334 0.00140068	 0.0235961 0.00146927	 0.0129013 0.00072794	 0.00776239 0.000554198	 
41.5	203.658	103	0.00686336 0.000420906	 0.103255 0.00404564	 0.0308075 0.00198851	 0.0222564 0.00169771	 0.0125774 0.000774668	 0.00677423 0.000543147	 
42.5	205.188	98.5	0.00641149 0.00044257	 0.110724 0.00333762	 0.0305784 0.00166953	 0.024736 0.00131141	 0.0127009 0.000749685	 0.00648889 0.00038143	 
43.5	208.301	94	0.00675865 0.000457239	 0.108658 0.0029001	 0.0322465 0.00158911	 0.0239587 0.0011741	 0.0126947 0.000609624	 0.0075146 0.000377923	 
44.5	209.377	90.5	0.00755225 0.000737542	 0.113704 0.00460296	 0.0324298 0.00249885	 0.0269604 0.00184533	 0.0132148 0.000846856	 0.00828638 0.00055444	 
45.5	209.605	87	0.00626815 0.000484864	 0.104814 0.00305081	 0.0331702 0.0016998	 0.024065 0.00112378	 0.0125045 0.000669752	 0.00802964 0.00051944	 
46.5	208.168	83	0.00601499 0.000394344	 0.100413 0.00329109	 0.0345597 0.00213253	 0.023288 0.0012152	 0.0130161 0.000748887	 0.00806422 0.000589285	 
47.5	210.089	79.5	0.00623926 0.000441041	 0.106469 0.00379202	 0.032097 0.00156568	 0.0228924 0.00160664	 0.0133317 0.000687218	 0.00806463 0.000638165	 
48.5	205.462	76	0.00561393 0.000318036	 0.104981 0.00373402	 0.0355516 0.00157335	 0.023665 0.001481	 0.0139249 0.000661765	 0.00761912 0.000499088	 
49.5	213.919	72.5	0.00644016 0.00042419	 0.107921 0.00384395	 0.0323791 0.00166116	 0.023412 0.00146233	 0.0130406 0.000744591	 0.00721419 0.000528175	 
50.5	146.93	69	0.00782141 0.000581003	 0.107071 0.00581499	 0.0375273 0.00258282	 0.0260306 0.00205335	 0.0127088 0.000945031	 0.00715554 0.000767256	 
51.5	120.281	65.5	0.00664604 0.000512412	 0.115581 0.00476103	 0.0376341 0.0019337	 0.0274088 0.00160325	 0.0145693 0.000997266	 0.00723817 0.000481195	 
52.5	117.716	62.5	0.00583154 0.00060816	 0.111672 0.00452455	 0.0387838 0.00229662	 0.0268778 0.00169297	 0.0146031 0.00085347	 0.00853015 0.000654663	 
53.5	115.469	59.5	0.00684723 0.00068673	 0.112924 0.00496401	 0.0341889 0.00198858	 0.0257781 0.00180468	 0.0120137 0.000712142	 0.00812804 0.000772239	 
54.5	118.952	56.5	0.0070476 0.000753734	 0.115822 0.00435588	 0.0363715 0.00252434	 0.0256869 0.00182461	 0.0138513 0.000946598	 0.00771743 0.000711789	 
55.5	127.248	54	0.0062747 0.000601333	 0.119315 0.00455615	 0.036481 0.00224431	 0.0276303 0.00189995	 0.0138882 0.000684659	 0.00822971 0.000710322	 
56.5	120.153	51.5	0.00641803 0.000499553	 0.117568 0.00337828	 0.0339643 0.00177874	 0.0268188 0.00126956	 0.0132018 0.000645921	 0.00781978 0.000449321	 
57.5	123.306	48.5	0.00559764 0.000317365	 0.11652 0.00337782	 0.0373529 0.00166234	 0.0272884 0.00118223	 0.0138927 0.000649618	 0.00780924 0.000433327	 
58.5	121.553	46	0.00750887 0.000637433	 0.100777 0.00404364	 0.036756 0.00220817	 0.0222381 0.0014076	 0.013601 0.000785442	 0.00727154 0.000611029	 
59.5	120.458	43.5	0.00683523 0.000449599	 0.110085 0.00318154	 0.0384947 0.00171656	 0.0240102 0.00121559	 0.0139479 0.00072802	 0.0069675 0.000345001	 
60.5	nan	41	nan nan	 nan nan	 nan nan	 nan nan	 nan nan	 nan nan	 
61.5	nan	39	nan nan	 nan nan	 nan nan	 nan nan	 nan nan	 nan nan	 
62.5	nan	37	nan nan	 nan nan	 nan nan	 nan nan	 nan nan	 nan nan	 
63.5	nan	35	nan nan	 nan nan	 nan nan	 nan nan	 nan nan	 nan nan	 
64.5	nan	33	nan nan	 nan nan	 nan nan	 nan nan	 nan nan	 nan nan	 
65.5	nan	31	nan nan	 nan nan	 nan nan	 nan nan	 nan nan	 nan nan	 
66.5	nan	29	nan nan	 nan nan	 nan nan	 nan nan	 nan nan	 nan nan	 
67.5	nan	27	nan nan	 nan nan	 nan nan	 nan nan	 nan nan	 nan nan	 
68.5	nan	25	nan nan	 nan nan	 nan nan	 nan nan	 nan nan	 nan nan	 
69.5	nan	23.5	nan nan	 nan nan	 nan nan	 nan nan	 nan nan	 nan nan	 
70.5	nan	22	nan nan	 nan nan	 nan nan	 nan nan	 nan nan	 nan nan	 
71.5	nan	20.5	nan nan	 nan nan	 nan nan	 nan nan	 nan nan	 nan nan	 
72.5	nan	19	nan nan	 nan nan	 nan nan	 nan nan	 nan nan	 nan nan	 
73.5	nan	17.5	nan nan	 nan nan	 nan nan	 nan nan	 nan nan	 nan nan	 
74.5	nan	16.5	nan nan	 nan nan	 nan nan	 nan nan	 nan nan	 nan nan	 
75.5	nan	15.5	nan nan	 nan nan	 nan nan	 nan nan	 nan nan	 nan nan	 
76.5	nan	14	nan nan	 nan nan	 nan nan	 nan nan	 nan nan	 nan nan	 
77.5	nan	12.5	nan nan	 nan nan	 nan nan	 nan nan	 nan nan	 nan nan	 
78.5	nan	11.5	nan nan	 nan nan	 nan nan	 nan nan	 nan nan	 nan nan	 
79.5	nan	10.5	nan nan	 nan nan	 nan nan	 nan nan	 nan nan	 nan nan	 
80.5	nan	9.5	nan nan	 nan nan	 nan nan	 nan nan	 nan nan	 nan nan	 
81.5	nan	9	nan nan	 nan nan	 nan nan	 nan nan	 nan nan	 nan nan	 
82.5	nan	8.5	nan nan	 nan nan	 nan nan	 nan nan	 nan nan	 nan nan	 
83.5	nan	7.5	nan nan	 nan nan	 nan nan	 nan nan	 nan nan	 nan nan	 
84.5	nan	6.5	nan nan	 nan nan	 nan nan	 nan nan	 nan nan	 nan nan	 
85.5	nan	6	nan nan	 nan nan	 nan nan	 nan nan	 nan nan	 nan nan	 
86.5	nan	5.5	nan nan	 nan nan	 nan nan	 nan nan	 nan nan	 nan nan	 
87.5	nan	5	nan nan	 nan nan	 nan nan	 nan nan	 nan nan	 nan nan	 
88.5	nan	4.5	nan nan	 nan nan	 nan nan	 nan nan	 nan nan	 nan nan	 
89.5	nan	4	nan nan	 nan nan	 nan nan	 nan nan	 nan nan	 nan nan	 
90.5	nan	3.5	nan nan	 nan nan	 nan nan	 nan nan	 nan nan	 nan nan	 
91.5	nan	3	nan nan	 nan nan	 nan nan	 nan nan	 nan nan	 nan nan	 
92.5	nan	3	nan nan	 nan nan	 nan nan	 nan nan	 nan nan	 nan nan	 
93.5	nan	2.5	nan nan	 nan nan	 nan nan	 nan nan	 nan nan	 nan nan	 
94.5	nan	2	nan nan	 nan nan	 nan nan	 nan nan	 nan nan	 nan nan	 
95.5	nan	2	nan nan	 nan nan	 nan nan	 nan nan	 nan nan	 nan nan	 
96.5	nan	1.5	nan nan	 nan nan	 nan nan	 nan nan	 nan nan	 nan nan	 
97.5	nan	1	nan nan	 nan nan	 nan nan	 nan nan	 nan nan	 nan nan	 
98.5	nan	1	nan nan	 nan nan	 nan nan	 nan nan	 nan nan	 nan nan	 
99.5	nan	0	nan nan	 nan nan	 nan nan	 nan nan	 nan nan	 nan nan	 
