Cent%	 dNdy	 Npart	 v2{6}/v2{4} err	 v3{6}/v3{4} err	 v4{6}/v4{4} err
0.5	1402.46	408.5	1.92425 nan 0.895889 0.149302 0.958534 0.206112 
1.5	1338.18	396	0.920927 0.14124 1.14715 0.171412 1.52676 0.786137 
2.5	1286.41	386	1.00401 0.0513281 1.04834 0.14815 1.01892 0.0442115 
3.5	1232.11	375.5	0.855707 0.205535 0.954111 0.0320857 nan nan 
4.5	1168.93	364.5	1.09313 0.107932 nan nan 0.848141 0.231335 
5.5	1131.9	354	0.997372 0.0331626 0.987053 0.0475525 1.08692 0.18567 
6.5	1088.72	344	1.00991 0.0173925 1.05282 0.0700028 nan nan 
7.5	1044.11	334	0.994655 0.00348981 1.98613 nan 0.751678 nan 
8.5	1001.19	324	0.997341 0.00453129 nan nan 1.06763 0.218669 
9.5	958.348	314	0.999424 0.00362526 nan nan nan nan 
10.5	929.479	304.5	0.99684 0.00293187 nan nan 0.979885 0.0137215 
11.5	889.506	295.5	0.998384 0.00338074 0.968352 0.0791793 0.993192 0.0167122 
12.5	863.203	286.5	0.998909 0.000888031 0.928436 0.125983 0.927727 0.0732626 
13.5	819.593	277.5	0.994038 0.00238501 1.11486 0.121159 0.96505 0.173464 
14.5	793.738	269	0.996149 0.002338 nan nan 1.09796 0.209724 
15.5	757.171	260.5	0.997433 0.00224929 0.582475 nan 0.99862 0.0380248 
16.5	727.488	252	1.00455 0.00573432 nan nan 1.67416 nan 
17.5	694.435	244	0.996982 0.00211232 0.981961 0.0221706 1.18805 0.295718 
18.5	677.536	236.5	0.996618 0.00204315 1.03148 0.0678796 0.741934 nan 
19.5	646.427	229	0.998286 0.00180256 1.01081 0.0275665 0.642549 nan 
20.5	619.29	221.5	0.999483 0.00132938 1.0226 0.0508661 0.981132 0.018238 
21.5	598.733	214	0.994854 0.00185031 nan nan 0.942698 0.0780803 
22.5	570.348	207	0.998195 0.00142853 nan nan 0.950612 0.0429068 
23.5	549.549	200.5	0.997361 0.00165319 1.02609 0.144533 0.979998 0.0605876 
24.5	531.348	193.5	0.997745 0.00154615 nan nan 0.999914 0.0716432 
25.5	508.305	187	0.999872 0.00215951 1.0556 0.139302 1.11738 0.243736 
26.5	485.227	180.5	0.999124 0.000792757 nan nan nan nan 
27.5	470.886	174	0.99944 0.00105874 0.965619 0.0807969 1.11457 0.150614 
28.5	451.011	168	0.997627 0.00236917 nan nan 1.15544 0.197206 
29.5	431.595	162.5	0.999494 0.000949239 nan nan 0.989917 0.0835745 
30.5	340.992	157	0.994026 0.00238602 0.910544 0.811811 0.675659 nan 
31.5	340.615	151	1.01378 0.0155776 1.08741 0.131614 0.861238 0.879278 
32.5	343.14	145.5	1.00259 0.00447789 nan nan nan nan 
33.5	351.715	140.5	0.996261 0.00222852 nan nan 1.03425 0.0588774 
34.5	336.328	135.5	1.00159 0.00224342 nan nan nan nan 
35.5	333.326	130.5	0.995948 0.00239484 0.887701 0.15675 nan nan 
36.5	333.608	125.5	0.998234 0.00153936 nan nan 1.05879 0.158163 
37.5	329.468	120.5	0.999329 0.00204709 0.820649 nan 1.02087 0.0321711 
38.5	344.174	116	0.999679 0.00273714 1.14238 0.248155 0.881199 0.498347 
39.5	339.74	111.5	1.00348 0.00255482 0.956039 0.0263247 0.829795 0.447894 
40.5	208.833	107	0.999566 0.00174199 0.980109 0.0167433 nan nan 
41.5	203.658	103	0.998102 0.00340761 nan nan nan nan 
42.5	205.188	98.5	0.998487 0.00214305 nan nan nan nan 
43.5	208.301	94	0.999865 0.00217059 0.945492 0.0873551 0.913862 0.111664 
44.5	209.377	90.5	0.997645 0.00373592 nan nan nan nan 
45.5	209.605	87	0.995878 0.00200896 1.00563 0.768669 0.901615 0.168826 
46.5	208.168	83	0.996593 0.00235614 nan nan 0.944671 0.0883644 
47.5	210.089	79.5	0.995975 0.00392778 0.977173 0.0250273 nan nan 
48.5	205.462	76	0.99211 0.0043083 0.970348 0.0177137 nan nan 
49.5	213.919	72.5	1.00244 0.00449897 0.937448 0.0541223 1.08007 0.558357 
50.5	146.93	69	0.978057 0.0156367 0.934076 0.280083 nan nan 
51.5	120.281	65.5	0.98539 0.0087464 0.896716 0.139559 nan nan 
52.5	117.716	62.5	0.988608 0.00622938 1.02307 0.085321 nan nan 
53.5	115.469	59.5	0.998563 0.010167 nan nan nan nan 
54.5	118.952	56.5	0.992568 0.00435521 nan nan nan nan 
55.5	127.248	54	0.994107 0.00447491 nan nan nan nan 
56.5	120.153	51.5	0.994896 0.00287745 nan nan nan nan 
57.5	123.306	48.5	0.997366 0.00384392 0.817715 0.781507 nan nan 
58.5	121.553	46	0.984653 0.00662348 nan nan nan nan 
59.5	120.458	43.5	0.99492 0.00628998 nan nan nan nan 
60.5	nan	41	nan nan nan nan nan nan 
61.5	nan	39	nan nan nan nan nan nan 
62.5	nan	37	nan nan nan nan nan nan 
63.5	nan	35	nan nan nan nan nan nan 
64.5	nan	33	nan nan nan nan nan nan 
65.5	nan	31	nan nan nan nan nan nan 
66.5	nan	29	nan nan nan nan nan nan 
67.5	nan	27	nan nan nan nan nan nan 
68.5	nan	25	nan nan nan nan nan nan 
69.5	nan	23.5	nan nan nan nan nan nan 
70.5	nan	22	nan nan nan nan nan nan 
71.5	nan	20.5	nan nan nan nan nan nan 
72.5	nan	19	nan nan nan nan nan nan 
73.5	nan	17.5	nan nan nan nan nan nan 
74.5	nan	16.5	nan nan nan nan nan nan 
75.5	nan	15.5	nan nan nan nan nan nan 
76.5	nan	14	nan nan nan nan nan nan 
77.5	nan	12.5	nan nan nan nan nan nan 
78.5	nan	11.5	nan nan nan nan nan nan 
79.5	nan	10.5	nan nan nan nan nan nan 
80.5	nan	9.5	nan nan nan nan nan nan 
81.5	nan	9	nan nan nan nan nan nan 
82.5	nan	8.5	nan nan nan nan nan nan 
83.5	nan	7.5	nan nan nan nan nan nan 
84.5	nan	6.5	nan nan nan nan nan nan 
85.5	nan	6	nan nan nan nan nan nan 
86.5	nan	5.5	nan nan nan nan nan nan 
87.5	nan	5	nan nan nan nan nan nan 
88.5	nan	4.5	nan nan nan nan nan nan 
89.5	nan	4	nan nan nan nan nan nan 
90.5	nan	3.5	nan nan nan nan nan nan 
91.5	nan	3	nan nan nan nan nan nan 
92.5	nan	3	nan nan nan nan nan nan 
93.5	nan	2.5	nan nan nan nan nan nan 
94.5	nan	2	nan nan nan nan nan nan 
95.5	nan	2	nan nan nan nan nan nan 
96.5	nan	1.5	nan nan nan nan nan nan 
97.5	nan	1	nan nan nan nan nan nan 
98.5	nan	1	nan nan nan nan nan nan 
99.5	nan	0	nan nan nan nan nan nan 
