Cent%	 dNdy	 Npart	 v1{2} err	 v2{2} err	 v3{2} err	 v4{2} err 	 v5{2} err 	 v6{2} err
0.5	107.357	31	0.0257642 0.0011649	 0.0649353 0.00169537	 0.0329217 0.000840362	 0.014309 0.000406625	 0.00747245 0.000226233	 0.00420457 0.000127427	 
1.5	90.1561	29.5	0.0247539 0.00120393	 0.0675162 0.00188202	 0.0314353 0.000931487	 0.0136679 0.000482727	 0.00714965 0.000220997	 0.00398147 0.000146238	 
2.5	82.91	28.5	0.0227464 0.000978398	 0.0645372 0.00169935	 0.0324824 0.000830758	 0.0132956 0.000471635	 0.00696274 0.00020038	 0.0038632 0.000148296	 
3.5	79.1973	28	0.0213505 0.00101833	 0.0671534 0.00190805	 0.0312019 0.000901429	 0.013352 0.000445424	 0.00655811 0.000209041	 0.00381048 0.000118797	 
4.5	74.2971	27.5	0.0234911 0.00102206	 0.0702574 0.00179663	 0.0304797 0.000777664	 0.0139747 0.000478041	 0.00694791 0.000205188	 0.00406208 0.000180525	 
5.5	70.9073	26.5	0.0205422 0.000944897	 0.0687882 0.0018846	 0.0293323 0.000824225	 0.0135949 0.000418367	 0.00660707 0.000203465	 0.00357682 0.000115596	 
6.5	68.9451	26	0.0224126 0.000919409	 0.0679597 0.00162	 0.029268 0.000762523	 0.0140187 0.000418107	 0.00655108 0.000180969	 0.00363697 0.000108294	 
7.5	66.7045	25.5	0.0225267 0.00108788	 0.0693052 0.00180274	 0.0297414 0.000722796	 0.0138494 0.000440615	 0.00658564 0.000224089	 0.00351038 0.00011339	 
8.5	64.9699	25	0.0229995 0.000976498	 0.0676853 0.00164765	 0.0284375 0.000745391	 0.0134058 0.000409614	 0.00676995 0.000230647	 0.00374304 0.000134841	 
9.5	61.6947	24.5	0.0219613 0.000833337	 0.0691241 0.00169749	 0.0287613 0.000745761	 0.0131994 0.000452779	 0.00644215 0.000179059	 0.0035356 0.000126983	 
10.5	59.2659	24	0.0207654 0.000954073	 0.0729358 0.00194854	 0.0273371 0.000708546	 0.0135863 0.000483619	 0.00640914 0.000197551	 0.00344993 0.000130696	 
11.5	58.6013	23.5	0.0213959 0.000799366	 0.0690899 0.00175986	 0.0269864 0.00075469	 0.0129057 0.000425559	 0.00622791 0.000184869	 0.00357699 0.000135223	 
12.5	56.6875	23	0.022204 0.000995034	 0.0716745 0.00184278	 0.0269826 0.000749065	 0.0140699 0.000540692	 0.00616372 0.000167717	 0.00351971 0.000128755	 
13.5	54.9605	22.5	0.0209001 0.0010283	 0.0670631 0.00172111	 0.0279726 0.000747353	 0.0130751 0.000505195	 0.00594379 0.000192928	 0.00337801 0.000123865	 
14.5	52.2682	22	0.0218614 0.000961894	 0.0719488 0.00173383	 0.0245397 0.000631066	 0.0138998 0.000444711	 0.00603499 0.000175431	 0.0034847 0.000143248	 
15.5	51.668	21.5	0.0216171 0.00118263	 0.0700272 0.00193555	 0.0259767 0.000767944	 0.0130925 0.00052807	 0.00584628 0.000187764	 0.00352202 0.000154642	 
16.5	49.9322	21	0.020905 0.000941138	 0.0707478 0.00199679	 0.0265131 0.000761237	 0.0136303 0.000468941	 0.00621807 0.000194797	 0.00316087 0.00010026	 
17.5	47.9579	20.5	0.0204421 0.000841737	 0.0714432 0.00189773	 0.0262583 0.000717835	 0.0124199 0.000475832	 0.00633732 0.000207421	 0.00324983 0.000111877	 
18.5	45.6627	20	0.0199661 0.000882764	 0.0737408 0.00187579	 0.0249909 0.000656916	 0.0140121 0.00050164	 0.00579865 0.000161041	 0.00350994 0.000142725	 
19.5	45.7745	19.5	0.0215547 0.000816909	 0.0746349 0.00200079	 0.023842 0.000694524	 0.0145644 0.000521069	 0.00598757 0.000178404	 0.0035501 0.000161247	 
20.5	43.55	19	0.0199265 0.000782295	 0.0726984 0.0017873	 0.0232281 0.000632239	 0.0144959 0.000487609	 0.00558981 0.000160811	 0.00340553 0.000128707	 
21.5	42.9457	18.5	0.0217726 0.000919469	 0.0721786 0.00175697	 0.0219243 0.000643951	 0.0138519 0.000462376	 0.00566499 0.000171573	 0.00348221 0.000132036	 
22.5	41.1524	18	0.0211768 0.000895741	 0.0749234 0.00195935	 0.0226854 0.000700352	 0.0143917 0.000549591	 0.00570532 0.000162331	 0.00347148 0.00014295	 
23.5	40.179	17.5	0.0222064 0.00092179	 0.0734269 0.00193411	 0.0245283 0.000752808	 0.0135021 0.000467115	 0.00602706 0.00018783	 0.00315012 0.000127387	 
24.5	38.7709	17	0.0182461 0.000736712	 0.0737865 0.00187884	 0.0223819 0.000599834	 0.0134041 0.000507243	 0.00524096 0.000148967	 0.00314092 0.000124304	 
25.5	38.1834	16.5	0.020845 0.000871519	 0.0711792 0.00196665	 0.0210842 0.000645771	 0.0135296 0.000554603	 0.00529892 0.000166365	 0.00308559 0.000136113	 
26.5	36.6191	16	0.0212738 0.000881397	 0.0699712 0.00181214	 0.0218006 0.000675957	 0.0125637 0.000428408	 0.00530546 0.000168169	 0.00292856 0.000113909	 
27.5	35.4445	16	0.0202956 0.000818955	 0.0709401 0.00169332	 0.0205988 0.000633485	 0.0127136 0.000433394	 0.00537228 0.000172675	 0.00302931 0.000116687	 
28.5	34.3761	15.5	0.0203789 0.000992371	 0.0729606 0.00185629	 0.0205992 0.000659316	 0.0138129 0.000514562	 0.00517945 0.000166687	 0.00303948 0.000129064	 
29.5	32.9445	15	0.0202582 0.000873056	 0.0723775 0.00179962	 0.0203533 0.000636087	 0.0133855 0.000442882	 0.00499539 0.000157684	 0.00292267 0.000110749	 
30.5	31.5228	14.5	0.018463 0.000771613	 0.0713382 0.00175421	 0.0203769 0.000612912	 0.0137986 0.000503245	 0.00483027 0.000152294	 0.00301789 0.000120672	 
31.5	30.4941	14	0.018605 0.000704455	 0.0750116 0.0018423	 0.0187805 0.000600464	 0.0141946 0.000501889	 0.00482238 0.000162745	 0.00313179 0.000127493	 
32.5	30.1793	14	0.0180733 0.000700436	 0.0691816 0.00167856	 0.0196834 0.000590598	 0.0127678 0.000429795	 0.0047925 0.000143916	 0.00285933 0.000111542	 
33.5	29.0503	13.5	0.0175024 0.000729899	 0.0679425 0.00173597	 0.0180347 0.000562878	 0.0121532 0.000449425	 0.00438083 0.000146785	 0.00259369 0.000112572	 
34.5	27.8261	13	0.0195672 0.000839874	 0.0708496 0.00179091	 0.0172792 0.000539784	 0.0132106 0.00045678	 0.00436657 0.000145892	 0.00282807 0.000110645	 
35.5	26.7579	13	0.0180738 0.000743865	 0.0691628 0.00175084	 0.0178102 0.000528028	 0.0119256 0.000422271	 0.00449219 0.000155824	 0.00252935 9.80772e-05	 
36.5	26.4897	12.5	0.0189702 0.000822764	 0.069531 0.00185093	 0.017785 0.000592492	 0.0128746 0.000454933	 0.00423807 0.000124697	 0.00257241 9.25823e-05	 
37.5	25.2359	12	0.0179754 0.000716127	 0.0664668 0.00186792	 0.0169114 0.0005387	 0.0117614 0.000472137	 0.0041562 0.000135456	 0.00255681 0.000106049	 
38.5	24.6094	12	0.0161379 0.000675826	 0.0658536 0.00184461	 0.0163538 0.000567596	 0.0118997 0.000442157	 0.00385719 0.000124346	 0.00249622 0.000100804	 
39.5	23.2719	11.5	0.0162997 0.000675814	 0.0697207 0.00184485	 0.0161884 0.000516809	 0.0128119 0.000483537	 0.00422955 0.000136482	 0.00260301 0.000105963	 
40.5	22.2961	11	0.0164623 0.00064072	 0.0678011 0.00181352	 0.0154398 0.000503288	 0.0121269 0.000449862	 0.003727 0.000120743	 0.00248743 9.72469e-05	 
41.5	21.6989	11	0.0150995 0.000653584	 0.0668962 0.00186884	 0.0159528 0.000528508	 0.0117529 0.000434508	 0.00387355 0.000125264	 0.00231285 0.000102039	 
42.5	21.0923	10.5	0.0162547 0.00066078	 0.0665485 0.00188475	 0.0140649 0.000476994	 0.0114484 0.000458249	 0.00373723 0.00012563	 0.00215932 8.45533e-05	 
43.5	20.4551	10	0.0166259 0.000785373	 0.0616709 0.00192336	 0.0149037 0.000492382	 0.0106204 0.000441602	 0.00349717 0.000132849	 0.00207173 8.81896e-05	 
44.5	19.2762	10	0.0153671 0.0006746	 0.0642352 0.00178415	 0.0153095 0.00055478	 0.0109149 0.000433547	 0.00344423 0.00012016	 0.00213461 9.05046e-05	 
45.5	18.7594	9.5	0.0142975 0.000650226	 0.062383 0.00189213	 0.0137446 0.000477219	 0.0104407 0.000422201	 0.00343955 0.00012704	 0.0020457 8.58148e-05	 
46.5	18.0254	9	0.0138066 0.00058288	 0.0624847 0.00183863	 0.013949 0.000485356	 0.0108077 0.000444222	 0.00321442 0.00011866	 0.00204324 8.48325e-05	 
47.5	17.4885	9	0.0141758 0.000624696	 0.058723 0.00174678	 0.0125354 0.000497157	 0.0103278 0.00039018	 0.00299601 0.000118955	 0.00203064 8.43148e-05	 
48.5	16.5778	9	0.0141426 0.000631474	 0.0581716 0.00181207	 0.012627 0.000471315	 0.00931449 0.000367478	 0.00300249 0.000119187	 0.00172898 6.8906e-05	 
49.5	16.094	8.5	0.0142095 0.000620856	 0.056597 0.00191224	 0.0127484 0.000537708	 0.00959573 0.000430506	 0.00279322 0.000114031	 0.00175268 7.76389e-05	 
50.5	15.275	8	0.0132641 0.000605854	 0.057009 0.00194461	 0.0119968 0.000434371	 0.00938582 0.00040155	 0.00267353 0.000113617	 0.00170747 7.03471e-05	 
51.5	14.743	8	0.0133002 0.000535652	 0.0568163 0.0019445	 0.0114137 0.000467634	 0.00920898 0.000398533	 0.00257628 0.000125558	 0.00164445 7.31879e-05	 
52.5	14.132	8	0.0123668 0.000543069	 0.0546925 0.0018966	 0.0114848 0.000402195	 0.00878187 0.000419991	 0.00266141 0.000103038	 0.00161531 7.28793e-05	 
53.5	13.5203	7.5	0.0129273 0.000699646	 0.0566701 0.00189878	 0.010647 0.000341868	 0.00892836 0.000375224	 0.00249449 0.000108068	 0.00155994 6.45578e-05	 
54.5	13.0114	7	0.0128261 0.000545529	 0.0553672 0.00194224	 0.0104398 0.00045211	 0.00845 0.000384216	 0.00230336 9.63255e-05	 0.0014398 5.91588e-05	 
55.5	12.455	7	0.0120809 0.000634879	 0.0516631 0.00184372	 0.00967294 0.000382037	 0.00777495 0.000387947	 0.00212364 8.74047e-05	 0.00134097 6.13174e-05	 
56.5	11.8871	7	0.0125361 0.000576823	 0.0499294 0.00183326	 0.0106333 0.000426722	 0.00744649 0.000369201	 0.00209663 0.000100091	 0.00133337 6.60023e-05	 
57.5	11.4132	6.5	0.0120376 0.0006774	 0.0480676 0.00194142	 0.00868379 0.00039202	 0.00706767 0.000373139	 0.0018026 8.35729e-05	 0.00123638 5.4232e-05	 
58.5	10.9642	6	0.0119249 0.000561143	 0.047867 0.0018408	 0.00973777 0.000402943	 0.00674498 0.000343414	 0.00192377 0.000111407	 0.0012085 5.78397e-05	 
59.5	10.5094	6	0.010971 0.000551284	 0.0449952 0.00187404	 0.00881044 0.000392931	 0.00605082 0.000345301	 0.00165035 9.08062e-05	 0.00103919 5.21816e-05	 
60.5	9.96642	6	0.0125726 0.000629814	 0.0449655 0.00190898	 0.00863653 0.000373579	 0.00600166 0.000322134	 0.00159202 7.2595e-05	 0.00100525 4.30047e-05	 
61.5	9.40128	6	0.0110246 0.000567785	 0.046409 0.00195553	 0.00850049 0.000385021	 0.00627076 0.000349324	 0.00154893 8.18517e-05	 0.0010607 5.06755e-05	 
62.5	8.94218	5.5	0.0107005 0.000590835	 0.0437805 0.00167522	 0.00809475 0.000388893	 0.00526052 0.000258719	 0.00136159 6.68491e-05	 0.000899245 3.95418e-05	 
63.5	8.63724	5	0.0103009 0.00054949	 0.0417279 0.00190452	 0.00789882 0.000363139	 0.00515377 0.000327038	 0.00125038 9.39351e-05	 0.000904898 4.31584e-05	 
64.5	8.18548	5	0.0110091 0.000729582	 0.0446403 0.001916	 0.00774488 0.000359272	 0.0054255 0.000290412	 0.00142556 8.38266e-05	 0.000934273 4.66471e-05	 
65.5	7.89591	5	0.0114258 0.000583609	 0.031479 0.00166642	 0.00683363 0.00035769	 0.00377383 0.000252131	 0.00106539 6.67988e-05	 0.000703934 3.34682e-05	 
66.5	7.38663	5	0.00988358 0.000567681	 0.0380412 0.00175295	 0.00693372 0.000365782	 0.00416423 0.000264866	 0.00101005 5.76849e-05	 0.00074335 3.79876e-05	 
67.5	7.02455	5	0.00988092 0.000655379	 0.0374292 0.00180708	 0.00636902 0.000329679	 0.00403709 0.000249461	 0.000996868 6.48493e-05	 0.000731509 3.62753e-05	 
68.5	6.64866	4.5	0.0089663 0.000561456	 0.0363422 0.00180643	 0.00576574 0.000331885	 0.00380108 0.000248301	 0.000814257 4.23583e-05	 0.000676851 3.52401e-05	 
69.5	6.31161	4	0.00819136 0.000509995	 0.0353625 0.00170938	 0.00555388 0.000307504	 0.00335088 0.00021723	 0.000835127 6.98428e-05	 0.000653504 3.5699e-05	 
70.5	5.98097	4	0.00933799 0.000550937	 0.0319088 0.00176638	 0.00595083 0.000347193	 0.00296064 0.000213828	 0.000730955 6.12591e-05	 0.000607801 3.64841e-05	 
71.5	5.61984	4	0.00841138 0.000532857	 0.031724 0.00158337	 0.00507254 0.000302146	 0.00284322 0.000175311	 0.000650206 4.70608e-05	 0.000594286 3.13551e-05	 
72.5	5.31781	4	0.00809729 0.000438844	 0.0314897 0.00162365	 0.00463717 0.000271095	 0.00266316 0.000186534	 0.00058627 4.54697e-05	 0.000544119 3.18174e-05	 
73.5	4.99757	4	0.00795883 0.000501249	 0.0311149 0.00155452	 0.00443903 0.000265858	 0.00245674 0.000171032	 0.000483373 2.84558e-05	 0.000534785 2.8832e-05	 
74.5	4.6748	4	0.00745149 0.000496956	 0.0300801 0.00159317	 0.00400263 0.000229209	 0.00202704 0.000146513	 0.000425054 2.16332e-05	 0.000477875 2.86721e-05	 
75.5	4.40447	3.5	0.00719396 0.000471271	 0.0277012 0.00139976	 0.00372191 0.000212245	 0.00180039 0.00013359	 0.000416423 2.70371e-05	 0.000414288 2.2334e-05	 
76.5	4.17884	3	0.00692743 0.000455463	 0.0240416 0.00157646	 0.00324654 0.00021216	 0.00144952 0.000133898	 0.00035551 3.31651e-05	 0.000362093 2.89568e-05	 
77.5	3.88614	3	0.00711931 0.00047559	 0.0252663 0.00131336	 0.0035856 0.000207081	 0.00135076 0.000107695	 0.000415744 3.66993e-05	 0.000363321 2.23065e-05	 
78.5	3.64795	3	0.00657837 0.000423499	 0.0250132 0.00128628	 0.00298766 0.00018432	 0.0014039 0.000113583	 0.000318151 2.00036e-05	 0.000358397 2.41317e-05	 
79.5	3.42578	3	0.00649122 0.000444818	 0.0217929 0.00128278	 0.00270557 0.000187079	 0.000996414 8.10816e-05	 0.000299994 2.07585e-05	 0.000307715 2.02343e-05	 
80.5	3.20892	3	0.00493003 0.00032812	 0.01852 0.0011502	 0.00230427 0.000163066	 0.000639332 6.0533e-05	 0.00022475 1.38942e-05	 0.000224766 1.86024e-05	 
81.5	2.95925	3	0.00445011 0.00034167	 0.0195848 0.00114741	 0.00215726 0.000144205	 0.000626178 5.56798e-05	 0.000198298 1.34971e-05	 0.000233317 1.78915e-05	 
82.5	2.75457	3	0.00400442 0.000306241	 0.0176717 0.00115587	 0.00173886 0.000124586	 0.000559653 5.92311e-05	 0.000162864 1.11433e-05	 0.000194671 1.78519e-05	 
83.5	2.53249	2.5	0.00365189 0.000271126	 0.0189669 0.00126726	 0.0017951 0.000135994	 0.000478991 4.50446e-05	 0.000165437 1.1715e-05	 0.000199072 1.62349e-05	 
84.5	2.32288	2	0.00329199 0.000234016	 0.0160009 0.00110504	 0.00156068 0.000144193	 0.000320729 3.12849e-05	 0.000137734 1.17273e-05	 0.000151679 1.38065e-05	 
85.5	2.12947	2	0.00287332 0.000192784	 0.0147112 0.000928239	 0.00122524 8.52898e-05	 0.000215847 1.67627e-05	 0.00010848 6.77249e-06	 0.000111708 1.02978e-05	 
86.5	1.94321	2	0.00248586 0.000171826	 0.0143769 0.000936581	 0.00108869 7.66062e-05	 0.000206897 1.57019e-05	 0.000109124 7.84224e-06	 0.00011092 9.90903e-06	 
87.5	1.76561	2	0.00211426 0.000170499	 0.0116205 0.000959316	 0.000805441 7.62054e-05	 0.00014175 1.29884e-05	 7.75783e-05 7.28223e-06	 7.82652e-05 9.08526e-06	 
88.5	1.58234	2	0.00174452 0.000130018	 0.0103652 0.000788331	 0.000679398 5.86853e-05	 0.000142658 1.1381e-05	 7.67302e-05 6.83503e-06	 6.43249e-05 7.01538e-06	 
89.5	1.40473	2	0.0013775 9.44891e-05	 0.00958257 0.000711114	 0.000469931 4.07787e-05	 0.000118939 9.21471e-06	 5.92527e-05 6.44973e-06	 4.36467e-05 4.77816e-06	 
90.5	1.24533	2	0.000960486 8.36084e-05	 0.00815966 0.000687818	 0.000346592 3.67099e-05	 0.000108399 9.15401e-06	 5.8966e-05 6.29208e-06	 4.23216e-05 4.22999e-06	 
91.5	1.09429	2	0.000609446 6.00111e-05	 0.00607062 0.000645648	 0.000178786 1.97336e-05	 7.29415e-05 8.37843e-06	 3.76781e-05 5.75334e-06	 2.48979e-05 4.47207e-06	 
92.5	0.939368	2	0.000514513 4.95892e-05	 0.00499638 0.000528079	 0.000139659 1.23672e-05	 6.72198e-05 9.17731e-06	 3.43121e-05 4.76355e-06	 2.4435e-05 3.84365e-06	 
93.5	0.79404	2	0.000278929 2.69545e-05	 0.00445849 0.000518301	 7.1294e-05 7.85489e-06	 6.21599e-05 1.15139e-05	 1.77069e-05 2.6185e-06	 2.10606e-05 3.76419e-06	 
94.5	0.654797	2	0.000233708 2.36824e-05	 0.00348642 0.000403201	 0.000122039 1.57659e-05	 6.36674e-05 1.12632e-05	 1.91791e-05 2.49366e-06	 2.09921e-05 3.30647e-06	 
95.5	0.517277	2	0.000230713 1.58611e-05	 0.0028799 0.000300833	 0.000127392 1.46071e-05	 6.1377e-05 1.0277e-05	 2.5515e-05 3.76848e-06	 1.52989e-05 2.3636e-06	 
96.5	0.388877	2	0.00016623 1.26184e-05	 0.0013574 0.000212439	 7.68812e-05 1.27727e-05	 4.04512e-05 1.0012e-05	 1.54945e-05 2.79247e-06	 7.91855e-06 1.42447e-06	 
97.5	0.2544	2	0.000179777 1.84688e-05	 0.000475617 0.000104797	 3.97071e-05 7.64243e-06	 2.14847e-05 4.05267e-06	 8.26029e-06 8.04427e-07	 5.85264e-06 1.45765e-06	 
98.5	0.124251	2	0.000196227 2.56598e-05	 8.24629e-05 2.0052e-05	 1.12903e-05 1.49694e-06	 6.88958e-06 3.15599e-07	 5.19466e-06 1.7229e-07	 3.92463e-06 1.02247e-07	 
99.5	0.0288557	0	0.000117371 1.17482e-05	 1.01513e-05 8.95014e-07	 3.30448e-06 2.67404e-07	 2.29181e-06 2.0866e-07	 1.64766e-06 1.27071e-07	 1.66471e-06 1.38138e-07	 
