Cent%	 dNdy	 Npart	 v2{4}/v2{2} err	 v3{4}/v3{2} err	 v4{4}/v4{2} err
0.5	107.357	31	0.621168 0.0859674	0.656496 0.0538833	-0.30098 0.762124	
1.5	90.1561	29.5	0.600301 0.131606	0.354369 0.48706	-0.790772 0.288317	
2.5	82.91	28.5	0.555828 0.121509	0.619 0.101635	-0.89183 0.183415	
3.5	79.1973	28	0.524324 0.127532	0.458782 0.205041	-0.721945 0.0983911	
4.5	74.2971	27.5	0.642137 0.0654046	0.645408 0.0579562	-0.832084 0.130387	
5.5	70.9073	26.5	0.495142 0.178246	0.321094 0.649554	-0.65591 0.106103	
6.5	68.9451	26	0.706372 0.0429579	0.566599 0.0973404	-0.645597 0.104488	
7.5	66.7045	25.5	0.559795 0.110479	0.678848 0.0487929	-0.766398 0.141872	
8.5	64.9699	25	0.749938 0.0373218	0.67485 0.0584072	-0.52377 0.26496	
9.5	61.6947	24.5	0.68293 0.0506522	0.597853 0.0850306	-0.849974 0.0710889	
10.5	59.2659	24	0.59848 0.074899	0.650886 0.0631142	-0.85861 0.060443	
11.5	58.6013	23.5	0.674747 0.0529151	0.460097 0.193296	-0.755662 0.0679841	
12.5	56.6875	23	0.631344 0.0894752	0.370275 0.373048	-0.966517 0.0590051	
13.5	54.9605	22.5	0.673823 0.0649446	0.61128 0.0823057	-0.943359 0.0757378	
14.5	52.2682	22	0.717386 0.0392609	0.63551 0.0668192	-0.73574 0.0819313	
15.5	51.668	21.5	0.634073 0.0707792	0.451079 0.220089	-0.939441 0.0501039	
16.5	49.9322	21	0.442242 0.298458	0.245991 1.01405	-0.808592 0.103313	
17.5	47.9579	20.5	0.638827 0.0743184	0.585375 0.107466	-0.922865 0.106546	
18.5	45.6627	20	0.663726 0.0576174	0.611054 0.0794221	-0.877189 0.0587033	
19.5	45.7745	19.5	0.645787 0.0600531	0.399038 0.335429	-0.827131 0.0603321	
20.5	43.55	19	0.718407 0.0385712	0.56358 0.0997896	-0.780598 0.0609856	
21.5	42.9457	18.5	0.676963 0.0598302	-0.620858 0.139342	-0.833525 0.0686572	
22.5	41.1524	18	0.654641 0.0564264	-0.607463 0.119158	-0.926046 0.0490325	
23.5	40.179	17.5	0.633322 0.0641354	-0.609238 0.149751	-0.816157 0.0775038	
24.5	38.7709	17	0.628789 0.0796241	0.505689 0.14262	-0.961587 0.0924327	
25.5	38.1834	16.5	0.577706 0.135055	-0.551053 0.223244	-0.986873 0.0874485	
26.5	36.6191	16	0.674938 0.0564899	-0.605413 0.136942	-0.780349 0.0732124	
27.5	35.4445	16	0.720548 0.0372005	-0.677422 0.0837015	-0.835043 0.0602135	
28.5	34.3761	15.5	0.70364 0.0428828	-0.661671 0.132086	-0.885101 0.0524573	
29.5	32.9445	15	0.71524 0.0388181	-0.636592 0.1163	-0.743286 0.0685729	
30.5	31.5228	14.5	0.661243 0.0528831	-0.67569 0.0986943	-0.9382 0.0425339	
31.5	30.4941	14	0.693586 0.0439978	-0.739236 0.139308	-0.87603 0.0522301	
32.5	30.1793	14	0.719965 0.0401425	-0.584286 0.140512	-0.797431 0.0656438	
33.5	29.0503	13.5	0.672928 0.0522654	-0.655305 0.100047	-0.9012 0.0718001	
34.5	27.8261	13	0.638085 0.0709941	-0.721863 0.106758	-0.864321 0.0502586	
35.5	26.7579	13	0.600361 0.0799387	-0.661894 0.123739	-0.914128 0.0501938	
36.5	26.4897	12.5	0.570403 0.0941849	-0.794098 0.0750394	-0.869368 0.0657938	
37.5	25.2359	12	0.535938 0.129406	-0.648315 0.118618	-0.964698 0.0490119	
38.5	24.6094	12	-0.366705 0.435817	-0.864886 0.0561764	-0.941911 0.0462508	
39.5	23.2719	11.5	0.558099 0.109137	-0.746695 0.122501	-0.955119 0.0469163	
40.5	22.2961	11	0.609006 0.0815465	-0.726845 0.083098	-0.899156 0.0706217	
41.5	21.6989	11	0.53318 0.133628	-0.734166 0.0729394	-0.882328 0.0592482	
42.5	21.0923	10.5	0.469729 0.190934	-0.775277 0.072826	-0.972703 0.0438978	
43.5	20.4551	10	-0.571043 0.131386	-0.699773 0.0932601	-0.990039 0.0490762	
44.5	19.2762	10	0.377913 0.367707	-0.902433 0.0475195	-0.999195 0.0496058	
45.5	18.7594	9.5	-0.597419 0.119383	-0.830204 0.063071	-0.999583 0.045457	
46.5	18.0254	9	-0.584161 0.112107	-0.864516 0.0503451	-1.04061 0.042165	
47.5	17.4885	9	-0.699835 0.0697549	-1.04522 0.062685	-0.998916 0.0405364	
48.5	16.5778	9	-0.678798 0.0812276	-0.926101 0.0549754	-0.984427 0.052306	
49.5	16.094	8.5	-0.775534 0.0619292	-1.02715 0.0726232	-1.08636 0.0444874	
50.5	15.275	8	-0.748312 0.0675615	-0.831872 0.0585841	-1.01502 0.046971	
51.5	14.743	8	-0.818316 0.0549002	-1.01648 0.0711331	-1.06981 0.0443044	
52.5	14.132	8	-0.811658 0.0573873	-0.824232 0.061927	-1.14461 0.0446234	
53.5	13.5203	7.5	-0.817713 0.0564377	-0.757248 0.0620845	-1.06166 0.044245	
54.5	13.0114	7	-0.855754 0.0544199	-1.07327 0.109319	-1.12017 0.0423669	
55.5	12.455	7	-0.887396 0.0533417	-0.9954 0.0457821	-1.2114 0.0433004	
56.5	11.8871	7	-0.868577 0.0566484	-0.96629 0.0510199	-1.16624 0.0454935	
57.5	11.4132	6.5	-1.00536 0.0451886	-1.1095 0.0602882	-1.2497 0.0450221	
58.5	10.9642	6	-0.982914 0.0447935	-1.05372 0.0559642	-1.2412 0.0457206	
59.5	10.5094	6	-1.02257 0.0450868	-1.08745 0.0422163	-1.30588 0.0481838	
60.5	9.96642	6	-1.05053 0.0440833	-1.0677 0.0468874	-1.26149 0.0456698	
61.5	9.40128	6	-1.00052 0.0502782	-1.06941 0.0512914	-1.25563 0.0459138	
62.5	8.94218	5.5	-0.955141 0.0480512	-1.17051 0.0482229	-1.19156 0.0477445	
63.5	8.63724	5	-1.11023 0.0419302	-1.11674 0.0439647	-1.3998 0.0498868	
64.5	8.18548	5	-1.01177 0.0493582	-1.08511 0.05146	-1.21396 0.0480137	
65.5	7.89591	5	-1.29246 0.0430883	-1.2825 0.0484836	-1.49562 0.0559276	
66.5	7.38663	5	-1.12922 0.0444999	-1.24905 0.0449879	-1.41202 0.0489945	
67.5	7.02455	5	-1.16118 0.0454741	-1.22224 0.0486848	-1.37628 0.0621632	
68.5	6.64866	4.5	-1.1928 0.0447596	-1.32043 0.050229	-1.43091 0.0511013	
69.5	6.31161	4	-1.17391 0.0457895	-1.29202 0.057326	-1.42995 0.053787	
70.5	5.98097	4	-1.23562 0.0487066	-1.28088 0.0533713	-1.4671 0.0573326	
71.5	5.61984	4	-1.18914 0.0467948	-1.34331 0.0459062	-1.37349 0.0513477	
72.5	5.31781	4	-1.23246 0.0456476	-1.34055 0.0503289	-1.49938 0.0623235	
73.5	4.99757	4	-1.2103 0.0478767	-1.36707 0.060605	-1.4999 0.0577647	
74.5	4.6748	4	-1.25028 0.0468449	-1.31719 0.0578378	-1.52229 0.0582966	
75.5	4.40447	3.5	-1.27479 0.0434716	-1.37958 0.0467733	-1.61307 0.0634908	
76.5	4.17884	3	-1.41429 0.0541981	-1.4102 0.056688	-1.72119 0.0770605	
77.5	3.88614	3	-1.20722 0.0470596	-1.29879 0.0532421	-1.57935 0.0999756	
78.5	3.64795	3	-1.23281 0.0460366	-1.39046 0.0586133	-1.63097 0.0770495	
79.5	3.42578	3	-1.35855 0.052448	-1.49689 0.0956105	-1.64476 0.0685458	
80.5	3.20892	3	-1.43188 0.0544773	-1.54632 0.0671581	-1.81286 0.119561	
81.5	2.95925	3	-1.34386 0.0506795	-1.4584 0.0602998	-1.71497 0.0745	
82.5	2.75457	3	-1.46301 0.0541418	-1.54315 0.0688529	-1.91027 0.0892132	
83.5	2.53249	2.5	-1.42209 0.0571429	-1.53179 0.0656063	-1.72803 0.086661	
84.5	2.32288	2	-1.41348 0.0586056	-1.67328 0.0689845	-1.72158 0.0815676	
85.5	2.12947	2	-1.40534 0.0592124	-1.49188 0.0631428	-1.58769 0.0704758	
86.5	1.94321	2	-1.45303 0.0550888	-1.5202 0.0624315	-1.58723 0.0721014	
87.5	1.76561	2	-1.60495 0.0696887	-1.72935 0.0813033	-1.6992 0.0727752	
88.5	1.58234	2	-1.60611 0.0653988	-1.72447 0.0725932	-1.64833 0.0829406	
89.5	1.40473	2	-1.5512 0.066022	-1.69152 0.0945454	-1.58902 0.0691702	
90.5	1.24533	2	-1.67448 0.0727244	-1.8921 0.0904583	-1.67702 0.0703396	
91.5	1.09429	2	-1.86708 0.0934502	-1.89993 0.134564	-1.94287 0.108765	
92.5	0.939368	2	-1.85655 0.0904587	-1.68973 0.081159	-2.11636 0.113671	
93.5	0.79404	2	-1.95199 0.102715	-1.89265 0.0978778	-2.44868 0.155268	
94.5	0.654797	2	-1.94901 0.102156	-2.06361 0.118412	-2.40433 0.159901	
95.5	0.517277	2	-1.84249 0.104874	-1.93361 0.0994454	-2.33187 0.142769	
96.5	0.388877	2	-2.28935 0.160315	-2.35335 0.153116	-2.80836 0.330526	
97.5	0.2544	2	-2.68632 0.28163	-2.5225 0.21273	-2.48209 0.437722	
98.5	0.124251	2	-2.76693 0.289045	-2.03791 0.641064	-1.08936 0.0802094	
99.5	0.0288557	0	-1.24703 0.0854856	-1.17102 0.152619	-1.27586 0.0834805	
