Cent%	 dNdy	 Npart	 hydro 	 linear 	 linear+cubic
0.5	979.269	409	0.586827	0.59176	0.530004	nan	nan	nan	
1.5	918.579	397.5	0.488439	0.496409	0.474844	nan	nan	nan	
2.5	880.474	387.5	0.676981	0.687987	0.673293	nan	nan	nan	
3.5	842.198	377	0.596309	0.638832	0.604514	nan	nan	nan	
4.5	806.481	366.5	0.672861	0.672449	0.696582	0.435512	0.440744	0.398464	
5.5	774.564	356	0.549908	0.553971	0.636895	0.261425	0.293156	0.506125	
6.5	743.558	345.5	0.719994	0.734438	0.764379	0.338222	0.386509	0.472377	
7.5	714.265	335	0.750431	0.757856	0.780012	nan	nan	0.42879	
8.5	684.48	325	0.729758	0.734877	0.775027	nan	0.348318	0.542124	
9.5	658.155	315	0.812646	0.822871	0.864323	nan	nan	nan	
10.5	632.29	305.5	0.797469	0.799475	0.837411	0.690496	0.703627	0.421565	
11.5	607.306	296	0.826055	0.833544	0.858313	0.534332	0.595678	0.665829	
12.5	584.272	286.5	0.837292	0.848208	0.881234	nan	nan	nan	
13.5	561.544	277.5	0.843036	0.848648	0.875932	0.58184	0.549366	0.543698	
14.5	539	269	0.864221	0.868081	0.888891	0.493026	0.5026	nan	
15.5	517.963	260.5	0.848815	0.858363	0.884761	0.467172	0.527257	0.469343	
16.5	498.106	252	0.857641	0.869571	0.889973	0.664293	0.735517	0.628976	
17.5	478.395	244	0.833378	0.836975	0.878766	nan	nan	0.381984	
18.5	459.619	236	0.867421	0.873875	0.900233	nan	nan	nan	
19.5	441.689	228.5	0.841614	0.846707	0.884786	0.568885	0.613017	0.660403	
20.5	423.89	221	0.830364	0.838499	0.870157	0.536884	0.693108	0.411793	
21.5	407.471	213.5	0.804212	0.886558	0.914051	nan	0.534025	nan	
22.5	390.824	206.5	0.869724	0.875299	0.908428	0.60647	0.698561	0.588013	
23.5	375.464	199.5	0.867258	0.874444	0.910245	nan	0.614099	0.460739	
24.5	359.203	192.5	0.879833	0.887644	0.911828	0.403572	0.55357	0.577487	
25.5	344.548	186	0.860791	0.864723	0.894984	nan	0.703217	nan	
26.5	329.585	179.5	0.858149	0.864557	0.907354	0.628294	0.736135	0.569503	
27.5	315.426	173	0.847766	0.850347	0.909047	0.326562	0.660633	0.370223	
28.5	302.724	167	0.885985	0.890241	0.922116	nan	0.564882	nan	
29.5	289.75	161	0.897454	0.902912	0.923253	0.643967	0.807617	0.602019	
30.5	277.78	155	0.874329	0.888793	0.920896	nan	0.402485	0.484822	
31.5	266.114	149	0.901207	0.907918	0.932926	nan	nan	0.551092	
32.5	253.691	143.5	0.872706	0.88025	0.920312	nan	0.416649	0.491379	
33.5	242.462	138.5	0.871373	0.877689	0.921998	0.669871	0.780512	0.726933	
34.5	231.762	133	0.8363	0.843614	0.896598	0.608957	0.644556	0.617093	
35.5	220.969	127.5	0.872958	0.884449	0.913188	nan	0.599273	0.405089	
36.5	210.595	122.5	0.8711	0.877466	0.919533	nan	nan	nan	
37.5	201.215	118	0.870607	0.873964	0.915556	0.424724	0.849297	0.637289	
38.5	191.991	113.5	0.866207	0.877915	0.916526	0.493164	0.74369	0.494066	
39.5	182.685	108.5	0.877178	0.886403	0.926415	0.658995	0.776622	0.563975	
40.5	173.413	104	0.856638	0.858919	0.914047	nan	0.79214	0.442021	
41.5	165.118	100	0.829955	0.847359	0.90495	0.350726	0.659199	0.648641	
42.5	157.229	96	0.838356	0.850901	0.910658	0.607285	0.815102	0.697696	
43.5	149.261	92	0.834639	0.859534	0.910725	nan	0.698024	0.490741	
44.5	141.353	88	0.857972	0.863381	0.916775	nan	0.773819	0.556427	
45.5	134.066	84	0.822145	0.824257	0.903464	nan	0.682035	0.635877	
46.5	126.923	80	0.856864	0.865794	0.917983	0.575925	0.697719	0.570124	
47.5	120.195	76.5	0.851571	0.856797	0.91943	0.59697	0.876261	0.674942	
48.5	113.785	73	0.855856	0.867068	0.920967	0.715153	0.851957	0.655176	
49.5	107.722	69.5	0.86603	0.875737	0.924967	0.527828	0.725897	0.55493	
50.5	101.552	66.5	0.854339	0.870292	0.916824	0.62107	0.761849	0.583669	
51.5	96.4137	63	0.820625	0.850394	0.913929	0.72144	0.846807	0.743087	
52.5	90.5873	59.5	0.822211	0.853689	0.90384	0.627895	0.85227	0.683339	
53.5	85.2983	56.5	0.83446	0.874007	0.927059	0.607669	0.831919	0.637489	
54.5	80.3151	54	0.848463	0.882182	0.927513	0.58448	0.802596	0.657855	
55.5	75.4403	51.5	0.83132	0.865456	0.91621	0.649317	0.866907	0.708487	
56.5	70.8807	48.5	0.822244	0.85543	0.919859	0.493451	0.885511	0.770521	
57.5	66.5108	46	0.800126	0.840783	0.918491	0.653289	0.898332	0.744621	
58.5	62.3745	43.5	0.819303	0.853826	0.921898	0.480461	0.862871	0.614717	
59.5	58.2482	41	0.829457	0.880682	0.921769	0.590504	0.887132	0.654105	
60.5	54.6917	39	0.807637	0.869144	0.917046	0.515945	0.906427	0.751606	
61.5	50.9261	36.5	0.78954	0.848264	0.929723	0.685016	0.873475	0.71246	
62.5	47.5136	34	0.792601	0.87603	0.914498	0.720954	0.888082	0.720504	
63.5	44.2994	32	0.76259	0.832844	0.914747	0.671063	0.896643	0.750851	
64.5	41.3337	30	0.670505	0.769292	0.907623	0.669206	0.910519	0.751229	
65.5	38.5048	28.5	0.796336	0.890791	0.920177	0.368411	0.794807	0.74119	
66.5	35.738	27	0.794799	0.889477	0.924733	0.589963	0.907606	0.653141	
67.5	32.9931	25	0.771952	0.890429	0.914246	nan	0.907382	0.767204	
68.5	30.5698	23.5	0.800563	0.942124	0.925705	0.46359	0.935489	0.684784	
69.5	28.3138	22	0.755032	0.934435	0.922717	0.261938	0.923005	0.619893	
70.5	26.0575	20.5	0.782824	0.911346	0.921695	0.648561	0.939754	0.706469	
71.5	24.0488	19	0.801987	0.910625	0.918435	nan	0.921337	0.60198	
72.5	22.0539	17.5	0.664345	0.933935	0.909628	nan	0.92769	0.673494	
73.5	20.2334	16.5	0.712186	0.943038	0.903659	nan	0.919506	0.650121	
74.5	18.5239	15.5	0.682246	0.964309	0.904862	nan	0.906415	nan	
75.5	16.9452	14.5	0.679752	0.958528	0.882852	nan	0.871868	nan	
76.5	15.5021	13	0.620346	0.962277	0.883354	nan	0.900425	0.590096	
77.5	14.0899	12	0.420771	0.958096	0.885857	nan	0.882801	nan	
78.5	12.8504	11.5	nan	0.951818	0.870123	nan	0.855676	nan	
79.5	11.6198	10.5	nan	0.930835	0.808162	nan	0.778496	nan	
80.5	10.4614	9.5	nan	0.928926	0.808931	nan	0.76951	nan	
81.5	9.4889	8.5	nan	0.906536	0.766465	nan	0.753525	nan	
82.5	8.51833	8	nan	0.894005	0.716338	nan	0.682337	nan	
83.5	7.61914	7.5	nan	0.859284	0.670826	nan	0.545278	nan	
84.5	6.84771	6.5	nan	0.878088	0.608606	nan	0.561611	nan	
85.5	6.13054	6	nan	0.82379	0.476743	nan	0.567768	nan	
86.5	5.44348	5.5	nan	0.649741	nan	nan	nan	nan	
87.5	4.80346	5	nan	0.681478	nan	nan	nan	nan	
88.5	4.23062	4.5	nan	nan	nan	nan	nan	nan	
89.5	3.69405	4	nan	0.444411	nan	nan	nan	nan	
90.5	3.23133	4	nan	nan	nan	nan	nan	nan	
91.5	2.76408	3.5	nan	nan	nan	nan	nan	nan	
92.5	2.36036	3	nan	nan	nan	nan	nan	nan	
93.5	1.96645	2.5	nan	nan	nan	nan	nan	nan	
94.5	1.62238	2	nan	nan	nan	nan	nan	nan	
95.5	1.3021	2	nan	nan	nan	nan	nan	nan	
96.5	0.998009	2	nan	nan	nan	nan	nan	nan	
97.5	0.711541	2	nan	nan	nan	nan	nan	nan	
98.5	0.416553	2	nan	nan	nan	nan	nan	nan	
99.5	0.154367	0	nan	nan	nan	nan	nan	nan	
