Cent%	 dNdy	 Npart	 v2{6}/v2{4} err	 v3{6}/v3{4} err	 v4{6}/v4{4} err
0.5	979.269	409	0.738993 0.928855 nan nan nan nan 
1.5	918.579	397.5	1.48237 0.68227 nan nan nan nan 
2.5	880.474	387.5	0.995214 0.0488309 nan nan nan nan 
3.5	842.198	377	0.904164 0.262679 nan nan nan nan 
4.5	806.481	366.5	1.01015 0.0818015 nan nan 0.999553 0.115376 
5.5	774.564	356	nan nan nan nan nan nan 
6.5	743.558	345.5	1.00852 0.0518486 1.74562 3.05287 0.876574 0.450424 
7.5	714.265	335	1.0073 0.0232654 nan nan 0.920607 0.0771679 
8.5	684.48	325	1.02421 0.036293 nan nan 0.973333 0.0525447 
9.5	658.155	315	0.990812 0.00796264 nan nan 0.874907 0.247713 
10.5	632.29	305.5	0.971889 0.0125309 0.992576 0.0440726 nan nan 
11.5	607.306	296	0.988544 0.00816004 nan nan nan nan 
12.5	584.272	286.5	0.996744 0.00730414 nan nan 0.880396 0.122002 
13.5	561.544	277.5	0.982986 0.00601683 0.967833 0.172474 0.789445 0.357275 
14.5	539	269	0.993368 0.00370891 nan nan 1.03139 0.141442 
15.5	517.963	260.5	1.00349 0.00628582 1.27616 0.672462 0.705664 1.29832 
16.5	498.106	252	0.993065 0.00430309 0.649519 0.965959 0.996738 0.113922 
17.5	478.395	244	0.997468 0.00506855 nan nan nan nan 
18.5	459.619	236	1.00265 0.00499705 nan nan nan nan 
19.5	441.689	228.5	0.995431 0.00593516 nan nan 0.947145 0.117917 
20.5	423.89	221	0.985101 0.00601327 1.04146 0.196511 0.842878 0.19428 
21.5	407.471	213.5	1.136 0.146197 nan nan nan nan 
22.5	390.824	206.5	1.00521 0.0115568 0.945563 0.147897 1.23686 0.367036 
23.5	375.464	199.5	0.994927 0.00328083 nan nan 1.01546 0.098032 
24.5	359.203	192.5	0.994089 0.00241516 nan nan 0.719482 0.95155 
25.5	344.548	186	0.985604 0.00438196 nan nan 1.01703 0.0781021 
26.5	329.585	179.5	1.00138 0.0111646 1.08246 0.103012 nan nan 
27.5	315.426	173	1.00027 0.00648363 1.64603 3.18181 0.684784 1.08064 
28.5	302.724	167	0.994404 0.00218986 nan nan nan nan 
29.5	289.75	161	0.995717 0.0021011 0.985955 0.0802565 1.15015 0.239651 
30.5	277.78	155	0.998429 0.00497261 nan nan nan nan 
31.5	266.114	149	0.993523 0.00181195 nan nan nan nan 
32.5	253.691	143.5	0.996616 0.00287983 nan nan nan nan 
33.5	242.462	138.5	0.996121 0.00305968 0.839853 0.195903 0.960636 0.300169 
34.5	231.762	133	0.99362 0.00586193 nan nan nan nan 
35.5	220.969	127.5	0.988113 0.00330903 nan nan 0.860078 nan 
36.5	210.595	122.5	0.995776 0.00362006 nan nan nan nan 
37.5	201.215	118	0.999485 0.00394646 nan nan 0.948859 0.0976491 
38.5	191.991	113.5	0.991443 0.00377376 1.219 0.326472 1.1964 0.229419 
39.5	182.685	108.5	0.993555 0.00267911 1.00238 0.0529338 nan nan 
40.5	173.413	104	0.991658 0.0038954 nan nan nan nan 
41.5	165.118	100	0.996857 0.00720349 nan nan 0.759391 0.369846 
42.5	157.229	96	1.00414 0.0110236 0.817626 0.409057 nan nan 
43.5	149.261	92	0.997339 0.0118126 nan nan nan nan 
44.5	141.353	88	0.988164 0.00412079 nan nan nan nan 
45.5	134.066	84	0.992211 0.00672555 nan nan nan nan 
46.5	126.923	80	0.98496 0.00459077 nan nan nan nan 
47.5	120.195	76.5	0.989791 0.00410965 0.955702 0.157666 nan nan 
48.5	113.785	73	0.982691 0.00492012 0.976325 0.0288325 nan nan 
49.5	107.722	69.5	0.988983 0.00351075 nan nan nan nan 
50.5	101.552	66.5	0.986451 0.00421993 0.83529 0.309749 nan nan 
51.5	96.4137	63	0.985406 0.00704306 0.928781 0.0514273 nan nan 
52.5	90.5873	59.5	0.980241 0.00788949 0.774912 0.484573 nan nan 
53.5	85.2983	56.5	0.978398 0.0066848 nan nan nan nan 
54.5	80.3151	54	0.988474 0.00448745 nan nan nan nan 
55.5	75.4403	51.5	0.985769 0.00677551 0.944784 0.0929473 nan nan 
56.5	70.8807	48.5	0.976026 0.00898104 1.33865 0.69213 nan nan 
57.5	66.5108	46	0.975825 0.0111014 0.90591 0.126868 nan nan 
58.5	62.3745	43.5	0.97558 0.00900572 nan nan nan nan 
59.5	58.2482	41	0.987641 0.00686692 nan nan nan nan 
60.5	54.6917	39	0.976215 0.00962916 0.802543 1.38079 nan nan 
61.5	50.9261	36.5	0.993371 0.0103142 0.877756 0.119744 nan nan 
62.5	47.5136	34	0.961013 0.0152627 0.919565 0.0546747 nan nan 
63.5	44.2994	32	0.990035 0.0152392 0.813908 0.230668 nan nan 
64.5	41.3337	30	0.967977 0.0618483 0.736413 0.419502 nan nan 
65.5	38.5048	28.5	0.955328 0.0161865 nan nan nan nan 
66.5	35.738	27	0.978015 0.012025 nan nan nan nan 
67.5	32.9931	25	0.946 0.0260374 nan nan nan nan 
68.5	30.5698	23.5	0.970449 0.012013 nan nan nan nan 
69.5	28.3138	22	0.939033 0.0313977 nan nan nan nan 
70.5	26.0575	20.5	0.971095 0.0160835 0.989713 0.0650355 nan nan 
71.5	24.0488	19	0.97116 0.0128974 nan nan nan nan 
72.5	22.0539	17.5	0.824861 0.210751 nan nan nan nan 
73.5	20.2334	16.5	0.904548 0.0672361 nan nan nan nan 
74.5	18.5239	15.5	0.894064 0.0988939 nan nan nan nan 
75.5	16.9452	14.5	0.81095 0.228924 nan nan nan nan 
76.5	15.5021	13	nan nan nan nan nan nan 
77.5	14.0899	12	nan nan nan nan nan nan 
78.5	12.8504	11.5	nan nan nan nan nan nan 
79.5	11.6198	10.5	nan nan nan nan nan nan 
80.5	10.4614	9.5	nan nan nan nan nan nan 
81.5	9.4889	8.5	nan nan nan nan nan nan 
82.5	8.51833	8	nan nan nan nan nan nan 
83.5	7.61914	7.5	nan nan nan nan nan nan 
84.5	6.84771	6.5	nan nan nan nan nan nan 
85.5	6.13054	6	nan nan nan nan nan nan 
86.5	5.44348	5.5	nan nan nan nan nan nan 
87.5	4.80346	5	nan nan nan nan nan nan 
88.5	4.23062	4.5	nan nan nan nan nan nan 
89.5	3.69405	4	nan nan nan nan nan nan 
90.5	3.23133	4	nan nan nan nan nan nan 
91.5	2.76408	3.5	nan nan nan nan nan nan 
92.5	2.36036	3	nan nan nan nan nan nan 
93.5	1.96645	2.5	nan nan nan nan nan nan 
94.5	1.62238	2	nan nan nan nan nan nan 
95.5	1.3021	2	nan nan nan nan nan nan 
96.5	0.998009	2	nan nan nan nan nan nan 
97.5	0.711541	2	nan nan nan nan nan nan 
98.5	0.416553	2	nan nan nan nan nan nan 
99.5	0.154367	0	nan nan nan nan nan nan 
