Cent%	 dNdy	 Npart	 hydro 	 linear 	 linear+cubic
0.5	367.805	381.5	0.680735	0.685777	0.587539	0.318616	0.405063	0.469641	
1.5	345.932	365.5	nan	0.310127	0.334008	0.116473	0.555734	nan	
2.5	330.542	354.5	nan	nan	nan	0.390263	0.545029	0.633625	
3.5	317.166	343.5	0.224263	0.551048	0.654741	0.335647	0.492664	0.205945	
4.5	304.617	333	0.497047	0.584468	0.706144	nan	nan	nan	
5.5	292.919	322.5	0.569152	0.554685	0.637499	0.428419	0.545061	0.552481	
6.5	280.808	312	0.700425	0.717838	0.755346	0.41511	0.563546	0.551353	
7.5	270.727	302	0.571141	0.526929	0.718862	nan	0.319657	nan	
8.5	260.232	292.5	0.749247	0.772321	0.816403	nan	nan	nan	
9.5	250.843	283	0.748323	0.775957	0.836159	0.0900752	0.569317	nan	
10.5	241.248	273.5	0.734692	0.760208	0.824348	0.525757	0.53916	0.407863	
11.5	232.139	265	0.783498	0.809617	0.852614	0.658085	0.751192	0.568727	
12.5	223.692	256.5	0.779232	0.799538	0.851401	0.626663	0.711233	0.661871	
13.5	215.093	248	0.789218	0.808861	0.85859	nan	0.51426	nan	
14.5	206.948	240	0.774657	0.805288	0.861442	0.383328	0.436202	nan	
15.5	199.378	232	0.733917	0.752101	0.838972	nan	0.458382	0.4851	
16.5	192.244	224	0.795902	0.827281	0.885618	0.542072	0.66498	0.48065	
17.5	184.874	216.5	0.844101	0.859478	0.891832	nan	nan	nan	
18.5	178.383	209.5	0.808842	0.834366	0.880104	0.583007	0.744064	0.482048	
19.5	171.548	202.5	0.819435	0.829075	0.893358	0.418224	0.693313	0.682334	
20.5	165.101	195.5	0.819891	0.837173	0.889611	0.516151	0.727429	nan	
21.5	158.6	188.5	0.849621	0.872295	0.913007	0.347371	0.531899	0.594715	
22.5	152.689	182	0.834929	0.851612	0.898107	0.601082	0.667048	0.601964	
23.5	146.597	176	0.820234	0.848369	0.900298	nan	0.429907	0.293381	
24.5	141.192	170	0.822671	0.840236	0.89088	0.448895	0.595114	0.242898	
25.5	135.747	164	0.831122	0.846976	0.904437	0.552501	0.751932	0.689459	
26.5	130.283	158	0.815412	0.824677	0.907546	0.489747	0.771468	0.611364	
27.5	125.145	152	0.848778	0.870571	0.912115	nan	0.698444	0.577124	
28.5	120.291	146.5	0.838574	0.851011	0.9075	0.224311	0.730598	0.60804	
29.5	115.219	141.5	0.807337	0.829699	0.903448	nan	nan	0.592964	
30.5	110.242	136	0.837767	0.860239	0.909349	0.374838	nan	0.549841	
31.5	106.056	130.5	0.839107	0.870321	0.906253	0.4645	0.663279	nan	
32.5	101.419	126	0.802814	0.810668	0.906976	0.606902	0.783941	0.61904	
33.5	97.2484	121.5	0.79463	0.812215	0.902784	nan	0.618527	0.50796	
34.5	93.2998	116.5	0.8225	0.850955	0.917974	0.450034	0.651738	0.597469	
35.5	88.9135	112	0.826677	0.843671	0.915734	0.524883	0.740699	0.605491	
36.5	85.4122	107.5	0.829566	0.860811	0.908941	0.553944	0.769688	0.599109	
37.5	81.3808	103	0.821665	0.840262	0.911088	0.361047	0.683109	0.491428	
38.5	77.8225	99	0.809688	0.824219	0.912312	nan	0.727331	0.574411	
39.5	74.385	95	0.817234	0.840468	0.911663	0.410702	0.677266	0.542109	
40.5	71.0572	91	0.789969	0.821489	0.910508	0.60448	0.853644	0.628819	
41.5	67.9782	87	0.820848	0.841888	0.91578	0.538255	0.75814	0.539068	
42.5	64.3778	83	0.802531	0.850567	0.916146	0.517065	0.666484	0.520586	
43.5	61.3959	79.5	0.783094	0.822313	0.910755	0.438373	0.814425	0.553416	
44.5	58.4296	76	0.782235	0.828825	0.914833	nan	0.777397	0.654714	
45.5	55.5157	72.5	0.77757	0.812603	0.910531	0.329792	0.768076	0.629832	
46.5	52.7993	69.5	0.774249	0.837567	0.91829	0.507958	0.832076	0.640906	
47.5	49.9868	66.5	0.813096	0.84751	0.917408	0.61838	0.763456	0.708025	
48.5	47.4533	63.5	0.802632	0.852388	0.913586	0.511587	0.739602	0.673969	
49.5	45.3036	60.5	0.742867	0.814568	0.911977	nan	0.805441	0.658024	
50.5	42.7279	57.5	0.711656	0.820576	0.908279	nan	0.835108	0.642246	
51.5	40.5886	54.5	0.745181	0.723182	0.901643	0.510678	0.849576	0.442477	
52.5	38.1032	51.5	0.738131	0.833395	0.904632	nan	0.878071	0.69521	
53.5	35.7739	49	0.701841	0.794471	0.908905	nan	0.87369	0.634599	
54.5	34.2041	46.5	0.745718	0.798336	0.90852	0.218709	0.920721	0.698716	
55.5	31.9677	44	0.727752	0.844613	0.915746	nan	0.8396	0.700469	
56.5	30.193	42	0.711313	0.802882	0.91405	nan	0.919823	0.723599	
57.5	28.2317	39.5	0.718575	0.844802	0.914331	0.277806	0.922326	0.745428	
58.5	26.6862	37	0.750087	0.858695	0.91772	nan	0.902492	0.718059	
59.5	24.9607	35	0.70843	0.822577	0.9126	nan	0.859797	0.707689	
60.5	23.4533	33	0.706605	0.869702	0.902682	nan	0.896744	0.711529	
61.5	21.9187	31.5	0.750451	0.904522	0.92259	nan	0.904692	0.724881	
62.5	20.4602	30	0.61024	0.851969	0.916854	nan	0.933715	0.724243	
63.5	19.012	28	0.720475	0.912394	0.9044	nan	0.904312	0.660911	
64.5	17.7312	26	0.680079	0.895544	0.892385	nan	0.935518	0.717032	
65.5	16.4923	24.5	0.683817	0.922544	0.91098	nan	0.933927	0.742591	
66.5	15.3251	23	0.621082	0.925748	0.908293	nan	0.935614	0.728024	
67.5	14.1783	21.5	0.656609	0.910846	0.896371	nan	0.936004	0.73766	
68.5	13.1793	20	0.666318	0.966051	0.916638	nan	0.937496	0.728052	
69.5	12.0896	18.5	0.66405	0.957521	0.905297	nan	0.928331	0.69399	
70.5	11.2014	17.5	0.628484	0.973393	0.907391	nan	0.925745	0.564094	
71.5	10.3582	16.5	nan	0.969957	0.900713	nan	0.924032	0.596471	
72.5	9.45825	15.5	0.352788	0.969637	0.90186	nan	0.910632	0.480266	
73.5	8.67306	14.5	0.244797	0.973928	0.908067	nan	0.917548	0.520923	
74.5	7.90895	13.5	nan	0.969063	0.898432	nan	0.911683	0.621069	
75.5	7.21476	12.5	nan	0.952133	0.864724	nan	0.901909	nan	
76.5	6.57323	11.5	nan	0.952246	0.886581	nan	0.868726	nan	
77.5	5.95007	10.5	nan	0.926737	0.875816	nan	0.865952	nan	
78.5	5.38058	9.5	nan	0.922955	0.862752	nan	0.86743	nan	
79.5	4.89626	9	nan	0.888676	0.858917	nan	0.766903	nan	
80.5	4.42096	8.5	nan	0.878396	0.838863	nan	0.842585	nan	
81.5	3.94546	7.5	nan	0.875056	0.819189	nan	0.613038	nan	
82.5	3.58676	7	nan	0.83127	0.708244	nan	0.599556	nan	
83.5	3.18999	6.5	nan	0.726976	0.676287	nan	0.633415	nan	
84.5	2.84187	6	nan	0.747004	0.533778	nan	nan	nan	
85.5	2.5191	5.5	nan	0.633583	nan	nan	nan	nan	
86.5	2.21848	5	nan	0.593358	nan	nan	nan	nan	
87.5	1.94866	4.5	nan	0.533388	nan	nan	nan	nan	
88.5	1.69084	4	nan	0.310632	nan	nan	nan	nan	
89.5	1.46869	4	nan	nan	nan	nan	nan	nan	
90.5	1.25875	3.5	nan	nan	nan	nan	nan	nan	
91.5	1.06056	3	nan	nan	nan	nan	nan	nan	
92.5	0.877042	2.5	nan	nan	nan	nan	nan	nan	
93.5	0.715522	2	nan	nan	nan	nan	nan	nan	
94.5	0.55671	2	nan	nan	nan	nan	nan	nan	
95.5	0.40909	2	nan	nan	nan	nan	nan	nan	
96.5	0.279757	2	nan	nan	nan	nan	nan	nan	
97.5	0.160607	2	nan	nan	nan	nan	nan	nan	
98.5	0.0538206	2	nan	nan	nan	nan	nan	nan	
99.5	nan	0	nan	nan	nan	nan	nan	nan	
