Cent%	 dNdy	 Npart	 hydro 	 linear 	 linear+cubic
0.5	765.224	252.5	0.624253	0.654921	0.388046	nan	nan	nan	
1.5	710.628	244.5	0.393115	0.521304	0.612701	0.521029	0.464116	0.525648	
2.5	679.837	239	0.689637	0.732119	0.672867	0.599945	0.632722	0.614723	
3.5	652.104	233	0.484491	0.429326	0.466784	0.346042	0.39343	nan	
4.5	625.6	227	0.576438	0.634434	0.638868	nan	nan	nan	
5.5	604.367	221	0.495255	0.47519	0.599812	nan	nan	nan	
6.5	579.379	215	0.567841	0.668066	0.665783	0.522951	0.572364	0.600781	
7.5	557.966	209	0.623133	0.663475	0.681374	nan	nan	nan	
8.5	538.001	203	0.528502	0.533293	0.698358	0.372195	0.510267	0.522523	
9.5	516.639	197	0.652694	0.706271	0.723066	0.504979	0.542766	0.54757	
10.5	499.655	191	0.47984	0.537053	0.691685	0.514881	0.614499	0.520338	
11.5	478.47	185	0.710343	0.715853	0.77058	0.42297	0.583632	0.596621	
12.5	460.343	179.5	0.736634	0.756771	0.797145	0.461594	0.578523	nan	
13.5	443.072	174	0.683289	0.703316	0.801218	0.529092	0.62237	0.35208	
14.5	426.237	168.5	0.745044	0.774953	0.798242	0.284741	0.537785	0.385239	
15.5	412.475	163.5	0.770367	0.791637	0.831346	0.497002	0.668308	0.603873	
16.5	393.471	158.5	0.743888	0.782185	0.817319	0.549764	0.612281	0.469985	
17.5	380.615	153.5	0.712828	0.739993	0.807681	0.662642	0.710857	0.643478	
18.5	366.356	148.5	0.735678	0.78534	0.817925	0.306401	nan	nan	
19.5	350.899	143.5	0.728735	0.747743	0.809063	nan	nan	nan	
20.5	338.462	139	0.693503	0.717908	0.811505	0.351044	0.617982	0.594353	
21.5	322.186	134.5	0.690688	0.709834	0.830411	0.625844	0.703335	0.67089	
22.5	310.932	130	0.78068	0.798274	0.853747	0.438759	0.587739	0.623003	
23.5	297.429	125.5	0.776851	0.806918	0.855944	0.596782	0.798931	0.639071	
24.5	286.387	121	0.745118	0.752649	0.852074	0.594075	0.747988	0.697233	
25.5	273.603	117	0.757993	0.79002	0.861264	0.622352	0.772637	0.546983	
26.5	262.438	113	0.723697	0.738527	0.83875	0.565636	0.773947	0.384532	
27.5	252.173	109	0.778519	0.801312	0.850161	0.494842	0.684163	0.515048	
28.5	242.589	105	0.745121	0.750411	0.843993	nan	nan	0.476806	
29.5	231.923	101.5	0.704703	0.724811	0.844488	0.691367	0.800944	0.395653	
30.5	222.427	98	0.803868	0.807197	0.873098	0.590485	0.760709	0.488631	
31.5	211.958	94.5	0.763741	0.77278	0.850395	0.497294	0.64511	0.573194	
32.5	201.846	91	0.725475	0.738132	0.843604	0.544396	0.599744	0.616542	
33.5	192.966	87.5	0.767169	0.788335	0.874664	0.535814	0.712909	0.523201	
34.5	184.593	84.5	0.776789	0.785031	0.862694	nan	0.661965	0.630256	
35.5	176.278	81	0.766845	0.768073	0.870793	0.5153	0.787797	0.702367	
36.5	168.46	77.5	0.745932	0.766986	0.851283	0.664572	0.810351	0.732701	
37.5	161.166	74.5	0.754943	0.744962	0.861553	nan	0.607908	0.625414	
38.5	154.51	71.5	0.80101	0.825598	0.881147	0.685536	0.837829	0.707054	
39.5	145.483	69	0.813615	0.829265	0.888969	0.528382	0.779348	0.6855	
40.5	139.238	66.5	0.804065	0.821286	0.885193	0.466112	0.822564	0.552593	
41.5	132.208	63.5	0.759367	0.78762	0.870858	0.537786	0.779269	0.656551	
42.5	125.499	61	0.793164	0.82183	0.88594	0.719863	0.803178	0.71782	
43.5	118.882	58.5	0.72929	0.757176	0.876688	0.549599	0.716445	0.680292	
44.5	114.066	56	0.759707	0.782452	0.879709	0.702362	0.846141	0.738177	
45.5	108.596	53.5	0.760424	0.806754	0.875347	0.627862	0.747395	0.656029	
46.5	102.64	51	0.778865	0.816347	0.867891	0.655862	0.909897	0.710081	
47.5	97.3422	49	0.738638	0.7708	0.870537	0.6355	0.849746	0.683894	
48.5	92.088	47	0.767534	0.789089	0.874748	0.633838	0.857142	0.775129	
49.5	87.3387	44.5	0.77366	0.829614	0.891991	0.541078	0.754741	0.729238	
50.5	82.2462	42	0.804829	0.823598	0.896557	0.577878	0.847614	0.758446	
51.5	77.8462	40	0.754173	0.774185	0.887469	0.520475	0.83584	0.736564	
52.5	74.3433	38.5	0.775075	0.809718	0.906213	0.41942	0.903894	0.738353	
53.5	69.0215	37	0.760458	0.781475	0.894997	0.698377	0.886398	0.664507	
54.5	65.275	35	0.776592	0.824135	0.905329	0.607177	0.884563	0.753246	
55.5	62.4713	33	0.763277	0.830717	0.894815	0.491969	0.897839	0.801947	
56.5	59.0788	31.5	0.726063	0.728874	0.884456	nan	0.828633	0.711696	
57.5	55.3758	30	0.819099	0.878026	0.914655	0.501642	0.898856	0.740216	
58.5	51.6647	28.5	0.774853	0.873618	0.899121	0.382734	0.899648	0.757545	
59.5	49.2807	27	0.744799	0.826466	0.901948	0.424116	0.880154	0.729752	
60.5	46.3367	25.5	0.753484	0.896222	0.905858	0.550452	0.932613	0.751779	
61.5	43.5407	24	0.746436	0.859075	0.898881	0.437122	0.887645	0.703017	
62.5	40.6548	22.5	0.757871	0.884591	0.899757	nan	0.919729	0.722511	
63.5	37.8826	21.5	0.749486	0.923145	0.897599	nan	0.939387	0.730049	
64.5	35.7706	20.5	0.787683	0.921923	0.923264	nan	0.93047	0.684826	
65.5	34.0261	19	0.719793	0.911371	0.912588	nan	0.924755	0.633001	
66.5	31.9111	17.5	0.676299	0.91258	0.897629	nan	0.920125	0.613984	
67.5	29.4283	16.5	0.680146	0.91145	0.902565	nan	0.916216	0.60851	
68.5	28.0882	15.5	0.618339	0.944381	0.892889	nan	0.918806	0.653107	
69.5	26.2583	14.5	0.56168	0.933921	0.87988	nan	0.909083	0.587291	
70.5	23.9855	13.5	0.654556	0.940025	0.890925	nan	0.900644	nan	
71.5	22.2321	13	nan	0.952928	0.872945	nan	0.891269	0.282511	
72.5	20.7965	12.5	nan	0.945381	0.8633	nan	0.865532	nan	
73.5	19.2497	11.5	nan	0.941981	0.848071	nan	0.860973	nan	
74.5	17.3617	10.5	nan	0.952615	0.862845	nan	0.86574	nan	
75.5	15.9991	10	nan	0.946558	0.856235	nan	0.842848	nan	
76.5	14.6318	9.5	nan	0.940753	0.834759	nan	0.809788	nan	
77.5	13.3865	8.5	nan	0.930161	0.805208	nan	0.793738	nan	
78.5	12.2447	8	nan	0.932394	0.800095	nan	0.805114	nan	
79.5	11.1686	7.5	nan	0.904818	0.735583	nan	0.726571	nan	
80.5	10.1474	7	nan	0.879775	0.577104	nan	0.60143	nan	
81.5	9.21518	6.5	nan	0.842508	0.348044	nan	0.616391	nan	
82.5	8.25962	6	nan	0.824009	nan	nan	nan	nan	
83.5	7.45596	5.5	nan	0.778149	nan	nan	nan	nan	
84.5	6.77315	5	nan	0.710153	nan	nan	nan	nan	
85.5	5.97093	4.5	nan	0.656209	nan	nan	nan	nan	
86.5	5.31518	4	nan	0.56867	nan	nan	nan	nan	
87.5	4.7353	4	nan	nan	nan	nan	nan	nan	
88.5	4.15899	4	nan	nan	nan	nan	nan	nan	
89.5	3.6087	3.5	nan	nan	nan	nan	nan	nan	
90.5	3.40377	3	nan	nan	nan	nan	nan	nan	
91.5	nan	3	nan	nan	nan	nan	nan	nan	
92.5	nan	2.5	nan	nan	nan	nan	nan	nan	
93.5	nan	2	nan	nan	nan	nan	nan	nan	
94.5	nan	2	nan	nan	nan	nan	nan	nan	
95.5	nan	2	nan	nan	nan	nan	nan	nan	
96.5	nan	2	nan	nan	nan	nan	nan	nan	
97.5	nan	2	nan	nan	nan	nan	nan	nan	
98.5	nan	2	nan	nan	nan	nan	nan	nan	
99.5	nan	0	nan	nan	nan	nan	nan	nan	
