Cent%	 dNdy	 Npart	 v2{4}/v2{2} err	 v3{4}/v3{2} err	 v4{4}/v4{2} err
0.5	765.224	252.5	0.624253 0.0662055	-0.594529 0.211165	0.169999 1.41384	
1.5	710.628	244.5	0.393115 0.332046	0.521029 0.111841	0.624369 0.0702283	
2.5	679.837	239	0.689637 0.0579766	0.599945 0.08132	-0.671723 0.256011	
3.5	652.104	233	0.484491 0.169131	0.346042 0.444406	0.469367 0.193395	
4.5	625.6	227	0.576438 0.112139	-0.533336 0.232953	0.61423 0.0859956	
5.5	604.367	221	0.495255 0.154545	-0.531336 0.167324	0.449449 0.218568	
6.5	579.379	215	0.567841 0.0886279	0.522951 0.13942	0.583548 0.0874315	
7.5	557.966	209	0.623133 0.0722787	-0.626299 0.12644	0.525314 0.114908	
8.5	538.001	203	0.528502 0.113131	0.372195 0.382929	0.697518 0.0461969	
9.5	516.639	197	0.652694 0.0709836	0.504979 0.165258	0.596545 0.0839847	
10.5	499.655	191	0.47984 0.205073	0.514881 0.151587	-0.370737 0.330303	
11.5	478.47	185	0.710343 0.0443969	0.42297 0.251393	0.678173 0.0537468	
12.5	460.343	179.5	0.736634 0.0397012	0.461594 0.212968	0.272405 1.28663	
13.5	443.072	174	0.683289 0.0657388	0.529092 0.122621	-0.516618 0.162889	
14.5	426.237	168.5	0.745044 0.0306619	0.284741 0.861291	0.565225 0.107439	
15.5	412.475	163.5	0.770367 0.0281525	0.497002 0.160641	0.694146 0.039848	
16.5	393.471	158.5	0.743888 0.0347027	0.549764 0.110489	0.607639 0.0835093	
17.5	380.615	153.5	0.712828 0.0402169	0.662642 0.0568637	0.444722 0.220962	
18.5	366.356	148.5	0.735678 0.0355111	0.306401 0.688543	0.492195 0.170423	
19.5	350.899	143.5	0.728735 0.0355881	-0.546055 0.193737	0.591116 0.0739022	
20.5	338.462	139	0.693503 0.0430768	0.351044 0.410972	0.254543 1.29937	
21.5	322.186	134.5	0.690688 0.0431151	0.625844 0.0931982	0.632232 0.0744868	
22.5	310.932	130	0.78068 0.0228616	0.438759 0.237401	0.427569 0.243136	
23.5	297.429	125.5	0.776851 0.0291283	0.596782 0.0765523	0.686278 0.0426688	
24.5	286.387	121	0.745118 0.028232	0.594075 0.0885969	0.409208 0.285432	
25.5	273.603	117	0.757993 0.0287944	0.622352 0.0844255	0.642686 0.0590494	
26.5	262.438	113	0.723697 0.0376701	0.565636 0.097855	-0.499294 0.186368	
27.5	252.173	109	0.778519 0.0243027	0.494842 0.161205	0.278541 1.16953	
28.5	242.589	105	0.745121 0.0374697	-0.610312 0.119606	0.493511 0.17092	
29.5	231.923	101.5	0.704703 0.0414158	0.691367 0.0485456	-0.253129 1.25855	
30.5	222.427	98	0.803868 0.0213917	0.590485 0.0804525	0.562151 0.0945207	
31.5	211.958	94.5	0.763741 0.0276389	0.497294 0.145535	0.473489 0.166223	
32.5	201.846	91	0.725475 0.0464565	0.544396 0.110148	0.576876 0.0825498	
33.5	192.966	87.5	0.767169 0.0263778	0.535814 0.120952	0.589471 0.0817102	
34.5	184.593	84.5	0.776789 0.0263721	-0.554479 0.170179	0.642897 0.0712326	
35.5	176.278	81	0.766845 0.0292606	0.5153 0.153448	0.249964 1.21842	
36.5	168.46	77.5	0.745932 0.0308607	0.664572 0.0527225	0.259108 1.23352	
37.5	161.166	74.5	0.754943 0.0300601	-0.316183 0.640318	-0.559155 0.204659	
38.5	154.51	71.5	0.80101 0.0221921	0.685536 0.0541455	0.480137 0.176194	
39.5	145.483	69	0.813615 0.0191419	0.528382 0.131438	0.538256 0.122359	
40.5	139.238	66.5	0.804065 0.0210753	0.466112 0.206459	-0.422332 0.327164	
41.5	132.208	63.5	0.759367 0.0321709	0.537786 0.103681	-0.648407 0.171543	
42.5	125.499	61	0.793164 0.02123	0.719863 0.0395234	0.484095 0.154485	
43.5	118.882	58.5	0.72929 0.0366222	0.549599 0.099935	-0.66171 0.182099	
44.5	114.066	56	0.759707 0.0303827	0.702362 0.0409672	-0.680017 0.101047	
45.5	108.596	53.5	0.760424 0.0295656	0.627862 0.0679189	-0.554751 0.155282	
46.5	102.64	51	0.778865 0.0240022	0.655862 0.0534796	-0.635511 0.106979	
47.5	97.3422	49	0.738638 0.0337049	0.6355 0.0628689	-0.652268 0.14584	
48.5	92.088	47	0.767534 0.0270066	0.633838 0.0707908	-0.574984 0.129704	
49.5	87.3387	44.5	0.77366 0.0295853	0.541078 0.131465	-0.638102 0.140521	
50.5	82.2462	42	0.804829 0.0220284	0.577878 0.10557	-0.598215 0.183579	
51.5	77.8462	40	0.754173 0.0428364	0.520475 0.124965	-0.826751 0.109126	
52.5	74.3433	38.5	0.775075 0.0417909	0.41942 0.289635	-0.82612 0.137926	
53.5	69.0215	37	0.760458 0.0285054	0.698377 0.0455673	-0.731552 0.0744855	
54.5	65.275	35	0.776592 0.0279238	0.607177 0.0806574	-0.689459 0.102147	
55.5	62.4713	33	0.763277 0.0271295	0.491969 0.167873	-0.847681 0.0725623	
56.5	59.0788	31.5	0.726063 0.0340466	-0.446564 0.265085	-0.735052 0.0810162	
57.5	55.3758	30	0.819099 0.0182893	0.501642 0.140166	-0.664874 0.087956	
58.5	51.6647	28.5	0.774853 0.0309977	0.382734 0.338969	-0.840577 0.161424	
59.5	49.2807	27	0.744799 0.0300308	0.424116 0.239338	-0.844596 0.05937	
60.5	46.3367	25.5	0.753484 0.0297737	0.550452 0.127947	-0.879508 0.0522025	
61.5	43.5407	24	0.746436 0.0297039	0.437122 0.202056	-0.798096 0.0552009	
62.5	40.6548	22.5	0.757871 0.0271734	-0.481173 0.19194	-0.748174 0.0806396	
63.5	37.8826	21.5	0.749486 0.0281672	-0.391557 0.326464	-0.867924 0.0727929	
64.5	35.7706	20.5	0.787683 0.0232176	-0.413863 0.314259	-0.813708 0.069324	
65.5	34.0261	19	0.719793 0.0369301	-0.484227 0.208745	-0.940726 0.0553114	
66.5	31.9111	17.5	0.676299 0.048398	-0.764486 0.0933212	-0.708888 0.0873234	
67.5	29.4283	16.5	0.680146 0.0555431	-0.700278 0.0799569	-0.929337 0.0514028	
68.5	28.0882	15.5	0.618339 0.0737442	-0.639442 0.0896982	-0.859103 0.0505673	
69.5	26.2583	14.5	0.56168 0.0964935	-0.819383 0.0924869	-0.966574 0.0461047	
70.5	23.9855	13.5	0.654556 0.0539784	-0.727313 0.104978	-0.845886 0.052393	
71.5	22.2321	13	-0.379204 0.37171	-0.826526 0.0602469	-1.00891 0.0552419	
72.5	20.7965	12.5	-0.300534 0.791946	-0.864277 0.0674585	-0.940888 0.041839	
73.5	19.2497	11.5	-0.670937 0.0731181	-0.936478 0.0567896	-1.02785 0.0366305	
74.5	17.3617	10.5	-0.726747 0.0644716	-0.914299 0.079015	-1.03805 0.0376536	
75.5	15.9991	10	-0.800145 0.0535306	-0.980325 0.0764086	-1.03569 0.0401652	
76.5	14.6318	9.5	-0.800513 0.051763	-0.87501 0.0529719	-1.1738 0.0452299	
77.5	13.3865	8.5	-0.876708 0.0449775	-0.905735 0.0467529	-1.15203 0.0402547	
78.5	12.2447	8	-0.947582 0.0414837	-0.952155 0.059606	-1.1966 0.0398212	
79.5	11.1686	7.5	-0.992335 0.0405192	-1.00314 0.0481542	-1.11931 0.038822	
80.5	10.1474	7	-1.05596 0.0407038	-1.01064 0.0444128	-1.30282 0.0492305	
81.5	9.21518	6.5	-1.12886 0.0393681	-1.10995 0.0486216	-1.33231 0.0477732	
82.5	8.25962	6	-1.11564 0.0405676	-1.20802 0.0798148	-1.34509 0.0521426	
83.5	7.45596	5.5	-1.15514 0.0415372	-1.22108 0.0787893	-1.37744 0.0409969	
84.5	6.77315	5	-1.25773 0.041449	-1.27609 0.0447984	-1.34602 0.0717422	
85.5	5.97093	4.5	-1.30197 0.0426749	-1.39519 0.0454285	-1.5036 0.0780804	
86.5	5.31518	4	-1.28912 0.0419438	-1.25754 0.0488847	-1.4876 0.0650152	
87.5	4.7353	4	-1.38366 0.0449807	-1.47381 0.0586655	-1.65141 0.1286	
88.5	4.15899	4	-1.42818 0.0484552	-1.49223 0.0576442	-1.71576 0.068799	
89.5	3.6087	3.5	-1.3861 0.0484146	-1.51002 0.0638295	-1.67004 0.0794556	
90.5	3.40377	3	-1.30747 0.242442	-1.19398 0.396914	-1.41396 0.352408	
91.5	nan	3	nan nan	nan nan	nan nan	
92.5	nan	2.5	nan nan	nan nan	nan nan	
93.5	nan	2	nan nan	nan nan	nan nan	
94.5	nan	2	nan nan	nan nan	nan nan	
95.5	nan	2	nan nan	nan nan	nan nan	
96.5	nan	2	nan nan	nan nan	nan nan	
97.5	nan	2	nan nan	nan nan	nan nan	
98.5	nan	2	nan nan	nan nan	nan nan	
99.5	nan	0	nan nan	nan nan	nan nan	
