Cent%	 dNdy	 Npart	 v2{6}/v2{4} err	 v3{6}/v3{4} err	 v4{6}/v4{4} err
0.5	765.224	252.5	nan nan nan nan 3.38251 nan 
1.5	710.628	244.5	1.56926 1.11871 nan nan 0.943836 0.104809 
2.5	679.837	239	1.05382 0.0613748 0.798263 0.476628 nan nan 
3.5	652.104	233	nan nan nan nan nan nan 
4.5	625.6	227	1.13475 0.172181 nan nan 1.03277 0.134751 
5.5	604.367	221	nan nan nan nan nan nan 
6.5	579.379	215	nan nan 1.04006 0.304368 0.711975 1.0916 
7.5	557.966	209	0.973844 0.0894382 nan nan nan nan 
8.5	538.001	203	nan nan 1.30751 0.855787 0.925157 0.0594323 
9.5	516.639	197	0.97781 0.10319 nan nan 0.938427 0.163238 
10.5	499.655	191	1.34959 0.534817 1.23943 0.323888 nan nan 
11.5	478.47	185	0.993659 0.0306699 nan nan 1.005 0.037281 
12.5	460.343	179.5	1.01864 0.0326447 1.15244 nan nan nan 
13.5	443.072	174	1.06909 0.103932 0.963101 0.300034 nan nan 
14.5	426.237	168.5	0.962554 0.0210987 nan nan 1.09619 0.145252 
15.5	412.475	163.5	0.997109 0.0162857 0.977421 0.438296 0.886886 0.0846634 
16.5	393.471	158.5	1.01224 0.0179015 0.707657 1.91938 0.994808 0.107716 
17.5	380.615	153.5	0.985088 0.0248909 0.963969 0.0591379 nan nan 
18.5	366.356	148.5	0.997895 0.0191129 nan nan 0.901893 nan 
19.5	350.899	143.5	0.977568 0.0234586 nan nan nan nan 
20.5	338.462	139	0.900401 0.0744949 nan nan nan nan 
21.5	322.186	134.5	0.965685 0.0398989 1.14108 0.164959 1.03956 0.0825776 
22.5	310.932	130	0.976993 0.011385 1.36283 0.593519 nan nan 
23.5	297.429	125.5	1.00416 0.0196141 0.839345 0.349253 0.83654 0.14369 
24.5	286.387	121	0.971692 0.0188344 0.860222 0.295699 1.26738 nan 
25.5	273.603	117	0.964899 0.0196021 1.06961 0.115184 0.920833 0.106347 
26.5	262.438	113	0.984267 0.0288475 0.933253 0.215278 nan nan 
27.5	252.173	109	0.96613 0.0141867 0.359278 nan 2.48697 15.2554 
28.5	242.589	105	1.00399 0.0226234 nan nan 1.07807 0.30237 
29.5	231.923	101.5	0.983824 0.0267161 0.985665 0.0351334 nan nan 
30.5	222.427	98	0.98302 0.00837216 0.732627 0.865228 nan nan 
31.5	211.958	94.5	0.990828 0.0140117 nan nan nan nan 
32.5	201.846	91	1.01773 0.0602986 1.00503 0.178348 nan nan 
33.5	192.966	87.5	0.969648 0.0157251 0.753297 1.40141 nan nan 
34.5	184.593	84.5	0.996402 0.0126828 nan nan 1.03486 0.0646139 
35.5	176.278	81	0.981217 0.0174471 1.12457 0.194025 nan nan 
36.5	168.46	77.5	0.930634 0.034617 0.697271 0.563926 nan nan 
37.5	161.166	74.5	0.971274 0.0198247 nan nan nan nan 
38.5	154.51	71.5	0.985686 0.00853176 0.982189 0.0501304 1.11131 0.257217 
39.5	145.483	69	0.983276 0.00754237 1.01361 0.203043 0.83043 0.760097 
40.5	139.238	66.5	0.97881 0.0089611 nan nan nan nan 
41.5	132.208	63.5	1.0009 0.0232177 nan nan nan nan 
42.5	125.499	61	0.980572 0.00962091 0.956549 0.0330892 nan nan 
43.5	118.882	58.5	0.953842 0.0306903 nan nan nan nan 
44.5	114.066	56	0.978806 0.0160846 0.91803 0.0606477 nan nan 
45.5	108.596	53.5	0.965418 0.0186089 0.981352 0.0774781 nan nan 
46.5	102.64	51	0.945117 0.0205488 0.819296 0.238424 nan nan 
47.5	97.3422	49	0.951631 0.0278934 0.827217 0.268403 nan nan 
48.5	92.088	47	0.961971 0.0179987 0.993773 0.0678948 nan nan 
49.5	87.3387	44.5	0.990431 0.0168342 0.975818 0.256584 nan nan 
50.5	82.2462	42	0.979006 0.0115102 1.0489 0.177083 nan nan 
51.5	77.8462	40	1.00864 0.0429457 nan nan nan nan 
52.5	74.3433	38.5	1.02916 0.0504863 nan nan nan nan 
53.5	69.0215	37	0.958357 0.0199368 0.914884 0.071086 nan nan 
54.5	65.275	35	0.979004 0.0154635 nan nan nan nan 
55.5	62.4713	33	0.94976 0.02264 nan nan nan nan 
56.5	59.0788	31.5	0.925383 0.0445244 nan nan nan nan 
57.5	55.3758	30	0.983548 0.00674259 nan nan nan nan 
58.5	51.6647	28.5	1.0093 0.0219704 nan nan nan nan 
59.5	49.2807	27	0.952445 0.0244765 nan nan nan nan 
60.5	46.3367	25.5	0.983761 0.0155348 1.09569 0.237901 nan nan 
61.5	43.5407	24	0.948689 0.0251385 nan nan nan nan 
62.5	40.6548	22.5	0.953851 0.0212585 nan nan nan nan 
63.5	37.8826	21.5	0.94859 0.0243466 nan nan nan nan 
64.5	35.7706	20.5	0.976105 0.0113178 nan nan nan nan 
65.5	34.0261	19	0.905944 0.057702 nan nan nan nan 
66.5	31.9111	17.5	0.777993 0.280808 nan nan nan nan 
67.5	29.4283	16.5	0.877678 0.117467 nan nan nan nan 
68.5	28.0882	15.5	nan nan nan nan nan nan 
69.5	26.2583	14.5	nan nan nan nan nan nan 
70.5	23.9855	13.5	nan nan nan nan nan nan 
71.5	22.2321	13	nan nan nan nan nan nan 
72.5	20.7965	12.5	nan nan nan nan nan nan 
73.5	19.2497	11.5	nan nan nan nan nan nan 
74.5	17.3617	10.5	nan nan nan nan nan nan 
75.5	15.9991	10	nan nan nan nan nan nan 
76.5	14.6318	9.5	nan nan nan nan nan nan 
77.5	13.3865	8.5	nan nan nan nan nan nan 
78.5	12.2447	8	nan nan nan nan nan nan 
79.5	11.1686	7.5	nan nan nan nan nan nan 
80.5	10.1474	7	nan nan nan nan nan nan 
81.5	9.21518	6.5	nan nan nan nan nan nan 
82.5	8.25962	6	nan nan nan nan nan nan 
83.5	7.45596	5.5	nan nan nan nan nan nan 
84.5	6.77315	5	nan nan nan nan nan nan 
85.5	5.97093	4.5	nan nan nan nan nan nan 
86.5	5.31518	4	nan nan nan nan nan nan 
87.5	4.7353	4	nan nan nan nan nan nan 
88.5	4.15899	4	nan nan nan nan nan nan 
89.5	3.6087	3.5	nan nan nan nan nan nan 
90.5	3.40377	3	nan nan nan nan nan nan 
91.5	nan	3	nan nan nan nan nan nan 
92.5	nan	2.5	nan nan nan nan nan nan 
93.5	nan	2	nan nan nan nan nan nan 
94.5	nan	2	nan nan nan nan nan nan 
95.5	nan	2	nan nan nan nan nan nan 
96.5	nan	2	nan nan nan nan nan nan 
97.5	nan	2	nan nan nan nan nan nan 
98.5	nan	2	nan nan nan nan nan nan 
99.5	nan	0	nan nan nan nan nan nan 
